62
0 0
2 2
199
40
2 0
7 2
198
40
7 0
9 2
197
40
9 0
13 2
195
39
13 0
16 2
196
39
0 2
59 20
191
38
0 20
4 26
194
38
59 0
62 5
189
38
59 5
62 8
190
38
4 20
8 22
192
38
59 8
62 70
146
30
8 20
37 23
181
37
37 20
55 23
186
37
55 20
57 23
180
37
4 23
17 25
184
37
57 20
59 23
193
38
17 23
19 25
187
37
19 23
21 30
188
37
21 23
23 25
183
37
23 23
25 25
182
37
25 23
27 25
185
37
27 23
41 26
179
36
41 23
46 26
178
36
46 23
48 26
176
35
48 23
50 26
175
35
50 23
52 26
174
35
52 23
54 26
177
35
54 23
56 26
171
34
21 26
44 28
172
34
4 25
11 27
173
34
44 26
56 29
167
33
56 23
59 26
166
33
11 25
13 28
169
33
13 25
15 27
170
33
15 25
17 27
168
33
0 28
13 61
162
32
13 27
18 55
160
32
21 28
25 32
164
32
56 26
59 29
161
32
25 28
28 30
163
32
28 28
31 31
165
32
31 28
33 30
159
32
33 28
38 40
148
30
38 28
43 31
158
31
43 29
46 31
154
31
46 29
48 35
156
31
48 29
51 31
155
31
51 29
53 33
157
31
53 29
55 31
153
31
18 40
50 42
149
30
55 29
59 31
151
30
53 31
56 33
152
30
18 42
52 44
150
30
56 31
58 33
145
30
52 33
54 35
147
30
18 44
38 46
144
29
54 33
57 45
143
29
38 44
41 50
141
29
57 33
59 35
142
29
0 61
48 64
134
28
48 44
51 47
133
28
0 64
13 67
139
28
51 45
56 47
135
28
13 64
29 67
138
28
0 70
60 95
132
28
60 70
62 73
136
28
60 73
62 75
137
28
60 75
62 77
140
28
60 77
62 79
131
28
0 95
3 106
127
27
60 79
62 81
130
28
3 95
11 98
129
27
11 95
27 99
126
27
60 81
62 84
128
27
60 84
62 86
124
27
60 86
62 88
125
27
27 95
32 97
123
27
32 95
48 126
121
26
3 99
20 105
120
26
48 95
59 98
119
26
27 97
32 106
117
26
59 95
62 98
116
26
0 106
25 108
118
26
48 98
50 100
122
26
50 98
52 100
115
26
52 98
56 100
114
25
56 98
61 101
112
24
48 100
51 102
113
24
25 99
27 101
111
24
0 108
22 114
108
23
0 114
25 117
109
23
0 126
51 129
110
23
0 129
31 157
99
21
31 129
50 131
107
22
51 100
54 103
106
22
54 100
56 104
103
22
56 101
59 103
101
22
59 101
61 104
100
22
51 103
53 105
102
22
56 103
58 105
104
22
31 131
48 139
105
22
31 139
50 147
93
21
0 157
42 160
98
21
51 105
60 107
94
21
51 107
54 110
97
21
60 104
62 106
96
21
60 106
62 108
95
21
0 160
54 193
88
20
0 193
9 197
90
20
54 107
60 109
92
20
54 109
57 111
89
20
60 108
62 110
91
20
57 109
60 111
87
19
54 111
59 124
82
18
60 110
62 113
83
18
59 113
61 116
84
18
59 116
61 118
86
18
59 118
61 120
80
18
59 120
61 127
85
18
54 127
61 129
81
18
54 129
57 141
79
17
57 129
60 137
75
17
9 193
34 196
74
17
57 137
60 140
77
17
60 129
62 132
76
17
60 132
62 134
78
17
60 134
62 139
70
16
60 139
62 142
73
16
57 140
59 142
69
16
54 141
56 143
72
16
56 142
58 144
71
16
58 142
60 144
68
16
54 144
57 146
64
15
60 142
62 145
66
15
57 144
59 147
67
15
59 145
61 147
65
15
54 146
56 148
63
15
34 193
48 196
62
14
56 147
59 149
61
14
59 147
62 150
57
13
54 148
56 150
60
13
56 149
58 151
59
13
54 150
56 152
58
13
9 196
29 198
55
12
58 150
60 153
54
12
54 153
60 159
51
11
54 159
60 162
53
11
60 150
62 161
56
12
60 161
62 163
52
11
54 162
56 164
50
10
56 162
58 164
49
10
54 164
60 214
43
9
29 196
36 201
47
9
60 163
62 166
46
9
60 166
62 168
45
9
60 168
62 170
44
9
48 193
51 196
41
8
60 170
62 172
42
8
0 201
32 203
35
7
60 172
62 180
34
7
36 196
41 202
40
7
41 196
45 199
48
10
51 193
54 196
38
7
60 180
62 185
37
7
60 185
62 188
39
7
45 196
48 217
2
2
60 188
62 190
36
7
32 202
40 207
26
6
60 190
62 198
29
6
48 196
50 199
32
6
48 199
54 201
28
6
60 198
62 200
27
6
41 199
43 201
31
6
43 199
45 201
33
6
60 200
62 202
30
6
41 201
44 211
25
5
0 203
8 206
23
5
8 203
16 206
21
5
0 206
27 208
24
5
48 201
51 203
18
5
51 201
54 203
22
5
60 202
62 204
20
5
27 203
29 205
19
5
29 203
31 205
15
4
48 203
50 205
16
4
50 203
52 205
17
4
52 203
54 205
10
3
60 204
62 206
13
3
27 205
29 207
9
3
29 205
32 207
14
4
48 205
50 207
8
3
50 205
52 207
11
3
27 207
32 209
12
3
32 207
35 209
6
2
35 207
38 209
3
2
52 205
54 207
7
2
60 206
62 209
1
1
38 207
40 209
0
1
48 207
50 209
4
2
0 209
29 211
5
2
