70
0 0
19 19
295
60
19 0
31 2
299
60
31 0
61 4
297
60
61 0
64 30
273
56
64 0
67 3
296
60
67 0
69 13
298
60
19 2
21 4
294
60
21 2
23 5
293
60
23 4
61 7
291
59
19 7
24 11
290
59
64 3
67 20
292
59
24 7
26 10
289
59
26 7
34 10
287
58
34 7
38 10
283
58
24 10
51 12
288
58
51 7
58 9
284
58
58 7
61 9
285
58
51 9
53 11
286
58
51 11
60 22
281
57
19 12
27 14
279
57
27 12
30 15
278
57
30 12
33 14
280
57
33 12
36 16
282
57
0 30
70 35
275
56
0 35
10 37
274
56
10 35
16 52
253
51
16 35
18 37
276
56
18 35
20 37
277
56
20 35
23 37
272
55
23 35
25 38
271
55
25 35
27 37
270
55
27 35
30 37
269
54
30 35
32 37
268
54
32 35
53 44
261
53
53 35
67 52
266
53
67 35
70 40
265
53
0 37
3 41
267
53
3 37
6 39
262
53
6 37
9 39
264
53
16 37
18 40
263
53
18 37
21 40
260
52
25 37
28 40
257
52
28 37
31 39
258
52
21 37
23 40
256
52
23 38
25 40
259
52
3 39
5 41
255
52
16 40
32 42
254
51
0 52
70 56
250
51
0 56
3 59
252
51
3 56
6 59
251
51
6 56
11 59
230
47
11 56
14 59
245
50
14 56
17 59
248
50
17 56
20 59
247
50
20 56
23 60
246
50
23 56
25 70
249
50
25 56
27 59
243
50
27 56
29 58
244
50
29 56
35 72
242
49
35 56
38 59
240
49
38 56
41 58
241
49
41 56
51 59
239
48
51 56
54 58
238
48
54 56
56 59
237
48
56 56
59 58
236
48
59 56
61 58
235
48
35 59
65 64
232
47
0 59
7 62
229
47
65 56
70 61
234
47
7 59
11 62
231
47
11 59
14 62
228
47
27 58
29 60
233
47
14 59
16 66
226
46
16 59
19 62
227
46
35 64
54 87
221
45
0 62
6 64
225
45
19 60
23 62
223
45
25 60
28 63
222
45
65 61
68 63
224
45
6 62
9 65
220
45
0 66
19 71
218
44
0 71
26 77
217
44
26 63
29 79
216
44
65 63
68 67
219
44
68 61
70 84
214
44
54 64
56 67
213
44
56 64
58 66
215
44
54 67
68 84
212
43
29 72
32 75
208
43
32 72
34 75
210
43
29 75
31 77
209
43
31 75
33 77
211
43
0 77
23 83
207
42
29 77
34 93
203
42
23 77
26 79
206
42
23 79
26 81
205
42
26 79
29 81
204
42
23 81
28 92
201
41
0 83
9 85
202
41
9 83
12 86
200
41
12 83
14 88
198
41
14 83
16 85
199
41
16 83
20 94
191
40
20 83
23 87
190
40
54 84
57 86
197
40
57 84
59 87
193
40
59 84
61 87
195
40
61 84
64 86
194
40
64 84
66 86
196
40
66 84
68 86
192
40
0 85
7 88
189
39
68 84
70 89
185
39
7 86
10 88
187
39
54 86
57 88
186
39
14 85
16 87
188
39
34 87
44 98
181
38
61 86
68 89
184
38
20 87
23 89
183
38
10 86
12 89
182
38
14 87
16 89
180
38
44 87
54 108
178
37
0 88
8 104
174
37
54 88
59 105
179
37
8 89
11 92
176
37
11 89
14 92
175
37
20 89
23 91
177
37
0 108
63 111
170
36
0 111
21 114
171
36
21 111
32 115
173
36
63 89
66 92
172
36
63 92
70 94
169
36
63 94
67 100
166
35
63 100
68 103
164
35
68 94
70 97
168
35
68 97
70 100
167
35
63 103
66 106
165
35
66 103
69 123
161
34
63 106
66 111
163
34
32 111
35 113
162
34
35 111
37 114
160
34
37 111
41 127
158
33
41 111
43 116
157
33
43 111
45 114
159
33
0 115
32 121
151
32
45 111
63 113
154
32
63 111
66 114
156
32
45 113
55 117
155
32
32 113
35 116
153
32
55 113
58 115
150
32
58 113
60 115
152
32
60 113
63 116
149
31
35 114
37 122
148
31
43 114
45 117
147
31
41 117
59 119
146
31
63 114
66 126
145
30
32 116
34 119
142
30
59 116
61 119
141
30
61 116
63 119
140
30
32 119
34 121
144
30
41 119
43 121
143
30
0 127
70 134
136
29
0 134
2 137
133
29
2 134
7 150
137
29
7 134
11 137
138
29
11 134
13 137
134
29
13 134
15 137
135
29
15 134
17 136
139
29
17 134
41 136
131
28
41 134
44 137
129
28
44 134
46 138
132
28
46 134
48 137
130
28
48 134
53 136
128
27
53 134
55 137
127
27
15 136
40 138
126
26
55 134
57 137
122
26
46 137
69 139
121
26
7 137
13 139
124
26
0 137
2 142
123
26
13 137
15 139
125
26
15 138
35 141
117
25
35 138
44 141
120
25
7 139
10 141
119
25
44 138
46 148
118
25
46 139
57 143
116
24
10 139
14 141
114
24
57 139
59 145
115
24
59 139
61 141
113
24
61 139
63 141
112
24
63 139
66 148
110
23
7 141
22 147
104
23
66 139
68 144
111
23
22 141
26 143
107
23
68 139
70 141
106
23
26 141
28 143
109
23
28 141
30 143
108
23
30 141
33 143
105
23
22 143
39 146
100
22
46 143
56 145
101
22
46 145
55 150
103
22
39 141
44 146
102
22
59 141
61 152
94
21
22 146
30 149
95
21
61 141
63 145
99
21
68 141
70 144
97
21
0 142
2 145
96
21
66 144
70 146
98
21
30 146
42 160
88
20
7 147
15 150
92
20
55 145
58 147
91
20
66 146
69 148
90
20
15 147
18 149
93
20
0 145
2 150
89
20
61 145
63 148
86
19
42 146
44 148
87
19
15 149
28 166
85
18
55 147
59 160
83
18
42 148
45 151
82
18
61 148
64 150
81
18
64 148
66 151
80
18
66 148
68 151
78
18
68 148
70 150
84
18
28 149
30 151
79
18
0 150
12 154
76
17
45 150
49 161
77
17
12 150
15 153
73
17
49 150
51 153
72
17
51 150
53 153
75
17
61 150
64 153
74
17
64 151
70 153
71
16
49 153
53 155
70
16
53 150
55 153
69
16
0 154
15 156
67
15
42 151
45 154
68
15
28 161
60 171
64
14
60 153
62 157
66
14
62 153
65 156
60
14
65 153
68 155
61
14
68 153
70 156
65
14
65 155
68 158
63
14
0 156
2 159
62
14
2 156
4 158
59
13
4 156
6 158
58
13
0 159
15 165
51
12
0 166
27 170
54
12
62 156
65 158
52
12
68 156
70 158
57
12
60 157
62 159
53
12
62 158
64 160
55
12
64 158
66 160
56
12
66 158
68 164
49
11
68 158
70 161
47
11
60 160
63 162
48
11
63 160
65 162
50
11
68 161
70 164
46
10
0 170
24 177
45
9
60 162
65 166
44
8
24 171
39 188
37
7
60 166
68 168
40
7
68 164
70 168
42
7
60 168
67 171
43
7
67 168
69 171
36
7
39 171
42 176
38
7
42 171
45 173
39
7
45 171
47 173
41
7
47 171
49 174
35
7
49 171
57 175
34
6
57 171
61 177
29
6
61 171
64 176
31
6
64 171
66 174
28
6
66 171
69 174
33
6
42 175
52 177
30
6
0 177
15 179
32
6
64 174
66 177
27
6
39 177
70 194
22
5
0 179
10 183
26
5
15 177
17 184
25
5
17 177
21 185
24
5
21 177
23 180
23
5
10 179
14 182
21
4
21 180
24 182
20
4
10 182
13 186
18
4
21 182
24 192
16
4
0 183
3 189
19
4
13 182
15 185
17
4
3 183
6 186
15
3
6 183
8 186
13
3
13 185
16 187
12
3
16 185
19 187
14
3
8 183
10 195
5
2
10 187
16 196
10
2
3 186
6 194
11
2
16 187
19 192
8
2
24 188
29 192
4
2
19 185
21 188
9
2
6 186
8 188
7
2
6 188
8 191
6
2
19 188
21 191
1
1
16 192
37 194
3
1
0 194
5 196
2
1
16 194
64 196
0
1
