125
0 0
4 5
499
100
4 0
8 10
498
100
8 0
11 5
497
100
11 0
14 4
495
100
14 0
17 3
496
100
17 0
20 4
494
99
20 0
23 5
493
99
23 0
26 3
492
99
26 0
38 3
488
98
38 0
41 5
491
98
41 0
46 3
487
98
46 0
49 7
490
98
49 0
52 4
489
98
52 0
70 24
486
97
70 0
92 10
483
97
92 0
95 28
480
97
95 0
102 3
479
97
102 0
107 5
477
97
107 0
112 3
482
97
112 0
115 3
484
97
115 0
119 3
485
97
119 0
124 3
481
97
14 3
17 6
478
97
8 7
48 17
475
96
95 5
115 9
472
96
115 3
118 8
473
96
115 8
125 35
476
96
95 9
100 12
468
96
49 4
52 9
469
96
0 5
3 9
470
96
0 9
3 12
471
96
48 9
51 13
474
96
100 9
103 14
466
95
103 9
106 12
467
95
0 17
43 28
465
94
106 9
114 67
463
94
70 10
73 15
464
94
73 10
77 13
462
94
77 10
89 29
460
93
95 12
100 16
459
93
89 10
92 14
461
93
100 14
105 17
458
93
0 28
54 41
450
92
95 17
104 25
449
92
70 15
75 26
453
92
54 24
59 30
451
92
59 24
64 27
455
92
64 24
68 30
454
92
89 14
92 17
456
92
89 17
92 20
452
92
89 20
92 23
457
92
89 23
92 26
448
91
95 25
99 36
447
90
99 25
104 28
446
90
68 26
72 29
445
90
72 26
75 30
443
89
59 27
64 30
442
89
89 26
92 29
444
89
54 30
85 91
440
88
0 41
30 45
441
88
85 29
95 39
436
88
99 28
104 32
439
88
99 32
104 36
434
88
114 35
119 38
437
88
119 35
122 39
438
88
122 35
125 38
435
88
95 36
100 40
427
87
100 36
103 42
429
87
103 36
106 41
432
87
114 38
118 42
430
87
85 39
89 43
428
87
122 38
125 41
433
87
89 39
92 42
431
87
118 39
122 44
424
86
92 40
96 44
422
86
96 40
99 44
426
86
30 41
33 44
425
86
33 41
36 44
423
86
0 45
34 57
417
85
36 41
39 52
421
85
39 41
42 48
419
85
42 41
45 44
420
85
45 41
48 46
418
85
48 41
51 50
416
84
85 44
100 52
415
84
51 41
54 44
414
84
103 41
106 46
412
84
122 41
125 44
413
84
100 42
103 51
411
83
114 44
122 47
410
83
39 50
53 53
409
83
85 52
100 56
408
82
122 44
125 47
407
82
103 46
106 49
406
82
114 47
119 67
403
81
119 47
122 51
405
81
100 51
104 54
404
81
119 51
124 58
402
80
34 52
38 80
399
80
38 53
42 62
401
80
42 53
46 58
400
80
46 53
49 56
398
80
85 56
103 81
395
79
49 53
52 63
397
79
0 57
5 60
396
79
5 57
10 108
394
78
10 57
15 73
392
78
103 54
106 62
393
78
15 57
31 65
391
77
46 56
49 59
389
77
31 57
34 61
387
77
119 58
124 61
386
77
42 58
45 61
390
77
45 59
48 62
388
77
0 60
4 63
383
76
31 61
34 64
385
76
42 61
45 65
382
76
119 61
122 64
384
76
0 63
5 67
373
75
38 62
42 66
374
75
45 63
50 66
378
75
50 63
54 67
376
75
122 61
125 64
377
75
119 64
123 67
379
75
103 62
106 65
375
75
31 64
34 87
380
75
15 65
18 68
381
75
18 65
21 68
372
75
103 67
122 79
367
74
21 65
29 69
371
74
42 65
45 79
365
74
38 66
41 70
364
74
45 66
49 69
368
74
0 67
3 72
366
74
49 67
52 70
370
74
122 67
125 70
369
74
15 68
19 71
363
73
19 69
22 79
362
73
22 69
27 79
361
73
27 69
30 75
360
73
45 70
50 73
359
73
0 72
5 77
356
72
38 70
41 74
358
73
10 73
15 77
353
72
50 70
53 73
357
72
122 70
125 73
355
72
15 71
19 76
351
71
45 73
50 77
352
72
10 79
28 88
344
70
50 73
53 78
354
72
122 73
125 78
349
70
38 74
41 103
347
70
0 77
5 80
343
70
28 75
31 78
346
70
45 77
49 80
350
70
28 78
31 82
348
70
49 78
52 81
345
70
103 79
117 84
338
69
117 79
123 84
340
69
41 79
44 82
342
69
0 80
3 84
339
69
34 80
37 83
341
69
44 80
48 83
336
69
85 81
97 84
337
69
85 84
121 117
334
68
48 81
51 89
335
68
41 83
46 86
332
68
34 83
38 87
333
68
28 87
37 105
331
67
0 84
4 91
329
67
121 84
125 87
330
67
51 81
54 85
327
67
51 85
54 88
328
67
10 88
20 213
326
66
41 86
44 93
325
66
20 88
25 91
324
66
44 86
47 93
323
66
121 87
124 92
322
66
25 88
28 92
320
65
51 88
54 92
318
65
47 89
50 92
321
65
0 91
3 94
319
65
47 92
80 110
316
64
20 91
23 94
315
64
80 91
83 94
317
64
23 92
26 97
313
63
121 92
124 95
314
63
41 93
45 100
308
62
0 94
5 99
306
62
80 94
85 99
305
62
121 95
125 100
311
62
20 97
24 102
307
62
24 97
27 101
312
62
0 99
3 103
310
62
80 99
83 102
309
62
41 100
44 121
303
61
44 100
47 105
304
61
20 102
25 107
301
60
121 100
124 105
300
60
25 101
28 104
302
60
80 102
83 105
299
60
25 105
34 110
295
59
0 103
3 128
296
59
37 103
41 107
298
59
80 105
85 108
297
59
34 105
37 110
292
59
44 105
47 108
294
59
121 105
124 112
293
59
20 107
23 112
291
58
37 107
40 111
290
58
3 108
6 112
289
58
23 110
32 113
288
57
6 108
10 113
286
57
44 108
47 176
287
57
80 108
83 118
271
54
32 110
35 114
284
57
47 110
51 120
283
56
51 110
60 113
282
56
60 110
63 113
281
56
63 110
66 114
280
56
66 110
69 127
279
56
69 110
72 113
278
56
72 110
75 116
277
55
75 110
78 115
276
55
35 111
38 114
275
55
38 111
41 115
274
55
3 112
6 148
270
54
20 112
23 122
273
54
83 117
114 120
272
54
121 112
124 116
285
57
6 113
9 116
269
54
23 113
28 117
268
53
28 113
31 117
267
53
51 113
55 116
266
53
55 113
58 116
264
53
58 113
61 116
265
53
31 114
36 122
260
52
61 114
65 119
263
52
69 113
72 116
261
52
36 115
41 119
262
52
51 116
57 214
259
51
75 115
78 120
258
51
6 116
9 121
257
51
23 117
30 137
255
50
69 120
97 125
254
50
114 117
119 122
251
50
57 116
60 122
256
50
119 117
124 120
252
50
36 119
39 123
253
50
60 119
64 122
247
49
47 120
51 195
249
49
97 120
101 128
250
50
101 120
104 124
248
49
104 120
108 131
245
49
108 120
111 123
246
49
111 120
114 132
243
48
30 123
42 154
241
48
69 125
87 128
242
48
119 120
122 123
238
48
122 120
125 125
240
48
6 121
9 126
244
48
57 122
64 125
237
48
20 122
23 125
239
48
114 122
118 138
235
47
108 123
111 144
236
47
118 123
121 135
234
47
101 124
104 127
233
47
57 131
106 134
227
46
57 134
71 161
228
46
71 134
76 138
230
46
20 125
23 176
232
46
121 125
124 128
231
46
6 126
9 129
229
46
76 134
81 152
225
45
81 134
86 157
224
45
121 128
125 144
219
45
86 134
107 137
220
45
0 128
3 133
222
45
6 129
9 134
218
45
6 134
10 137
226
45
6 137
10 142
221
45
111 132
114 136
223
45
86 137
104 142
216
44
23 137
27 142
212
44
71 138
76 143
211
44
0 133
3 137
217
44
118 135
121 139
215
44
111 136
114 139
214
44
0 137
3 140
213
44
27 137
30 141
210
43
104 137
107 141
209
43
114 138
117 141
208
43
111 141
116 145
207
42
117 139
121 144
206
42
86 145
122 172
204
41
0 140
3 143
205
42
23 142
30 175
200
41
6 142
9 146
202
41
71 143
76 146
201
41
6 146
10 160
203
41
30 154
41 203
198
40
0 143
3 146
199
40
122 144
125 147
197
40
0 146
3 150
194
40
71 146
74 149
196
40
71 149
75 152
195
40
122 147
125 159
192
39
0 150
5 153
188
39
71 152
74 173
193
39
74 152
79 157
190
39
0 153
3 158
189
39
3 153
6 158
191
39
74 157
78 181
183
38
78 157
84 169
185
38
41 154
44 160
187
38
0 158
4 163
181
38
57 161
66 184
186
38
0 163
7 178
176
37
66 161
70 166
184
38
122 159
125 162
182
38
78 172
102 176
180
37
102 172
108 179
179
37
66 166
70 170
178
37
66 170
70 173
175
37
7 160
10 163
177
37
41 160
44 163
174
37
122 162
125 188
173
36
108 172
114 207
172
35
114 172
118 185
171
35
66 173
72 189
168
35
23 175
28 184
167
35
7 163
10 169
170
35
41 163
44 168
169
35
78 176
100 181
165
34
41 168
44 175
164
34
7 169
10 173
166
34
72 181
83 184
162
33
118 172
121 177
163
33
7 173
10 194
161
33
41 176
46 181
154
32
100 179
108 277
91
19
72 184
90 209
159
32
0 178
5 181
155
32
118 177
122 181
158
32
0 181
5 275
4
1
20 176
23 181
157
32
41 181
46 184
156
32
90 181
95 186
153
31
57 189
69 192
150
31
95 181
99 184
152
31
20 203
37 206
149
31
118 181
121 185
148
31
41 184
44 187
151
31
95 184
100 187
143
30
20 206
37 209
147
30
44 184
47 192
146
30
114 185
119 188
142
30
90 186
94 189
144
30
119 185
122 188
141
30
94 187
99 191
138
29
41 187
44 190
140
30
114 188
117 200
137
29
117 188
120 191
139
29
120 188
123 191
145
30
90 189
94 192
136
29
69 189
72 192
135
29
20 209
51 214
130
28
94 191
98 194
133
28
117 191
120 194
134
28
120 191
123 196
132
28
57 192
60 195
131
28
60 192
63 195
129
28
63 192
67 195
128
27
57 195
69 200
126
27
69 192
72 197
125
27
90 192
93 195
127
27
5 194
8 198
160
32
93 194
98 200
124
26
117 196
121 201
122
26
90 195
93 198
120
26
121 196
125 222
123
26
5 198
9 201
121
26
69 197
72 230
119
25
90 198
93 208
116
25
57 200
63 208
118
25
63 200
66 205
117
25
93 200
98 204
111
24
5 201
9 206
115
25
114 201
119 204
114
25
66 200
69 213
113
25
93 204
97 214
105
22
114 204
118 207
112
24
97 204
100 207
110
24
118 204
121 207
109
24
63 205
66 209
108
23
5 206
8 224
103
22
108 207
112 212
104
22
112 207
117 210
107
22
97 207
100 210
102
22
117 207
120 210
106
22
72 209
87 232
99
21
57 208
61 212
97
21
61 209
66 216
95
21
90 208
93 212
101
21
108 212
119 215
100
21
87 209
90 213
98
21
97 210
100 214
96
21
8 213
13 224
94
20
13 213
18 216
92
20
18 214
25 220
86
19
57 212
60 215
93
20
87 213
92 233
90
19
25 214
30 219
89
19
66 213
69 218
84
19
30 214
35 219
83
19
35 214
38 218
87
19
38 214
42 217
88
19
42 214
45 249
82
18
45 214
48 217
85
19
48 214
51 258
81
18
51 214
55 218
67
16
92 214
95 219
76
17
95 214
98 219
79
18
55 215
58 228
80
18
108 215
112 225
74
17
58 218
68 243
77
17
112 215
117 221
78
17
25 219
37 252
66
16
117 215
121 220
75
17
13 216
18 220
72
16
13 220
25 224
71
16
38 217
41 222
68
16
45 217
48 221
73
16
51 218
54 221
70
16
92 219
95 222
69
16
112 221
121 226
65
15
95 219
100 227
64
15
45 221
48 225
63
15
37 222
42 225
61
15
51 221
54 224
62
15
5 224
13 231
59
14
121 222
125 225
57
14
13 224
20 228
58
14
92 222
95 225
60
14
20 224
25 242
55
13
108 226
118 243
53
12
51 224
54 240
56
14
37 225
40 228
54
13
45 225
48 237
52
12
92 225
95 230
51
12
121 225
124 228
50
12
95 227
100 232
49
12
118 226
121 230
48
12
13 228
18 233
46
11
5 231
13 237
45
11
37 228
42 232
42
11
54 228
57 234
47
11
121 228
124 231
44
11
68 230
71 237
43
11
92 230
95 234
41
10
118 231
123 244
21
6
37 232
40 235
40
10
71 232
74 238
39
10
74 232
78 235
38
10
78 232
83 242
36
10
83 232
86 235
37
10
95 232
98 236
30
9
13 233
18 238
32
9
86 233
89 236
31
9
83 236
92 239
34
9
37 235
42 238
35
9
54 234
57 241
22
7
92 234
95 237
33
9
74 235
77 238
28
8
5 238
14 272
24
7
95 236
100 270
23
7
14 238
18 244
25
7
45 237
48 241
29
9
68 237
71 240
27
8
92 237
95 240
26
7
14 258
68 277
20
6
71 238
74 242
19
6
74 238
77 241
18
6
83 239
86 243
17
6
86 239
89 246
14
4
89 239
92 242
15
5
74 241
78 246
16
5
68 242
72 248
13
4
92 240
95 247
12
3
78 242
83 246
11
3
89 242
92 246
10
3
108 243
112 246
9
2
83 243
86 248
8
2
112 243
115 246
7
2
115 243
118 246
6
2
118 244
122 249
3
1
72 246
76 249
5
1
76 246
80 250
0
1
122 244
125 248
1
1
80 246
83 249
2
1
