72
0 0
5 8
38
8
5 0
10 4
33
8
10 0
15 7
34
8
15 0
19 4
36
8
19 0
23 4
31
7
23 0
28 4
39
8
28 0
37 33
28
6
37 0
44 7
37
8
44 0
49 4
32
7
49 0
53 4
35
8
44 4
64 11
26
6
64 0
71 7
30
7
37 11
66 15
29
6
5 4
10 16
27
6
15 4
20 8
25
6
10 8
19 42
23
5
37 15
48 22
21
5
19 8
28 12
22
5
66 7
70 11
24
5
19 12
27 33
20
4
0 8
5 60
12
2
66 11
71 15
19
4
48 15
52 23
17
3
52 15
56 22
16
3
56 15
63 19
14
3
63 15
67 19
15
3
67 15
72 87
11
2
5 16
10 21
18
4
19 33
51 37
8
2
56 19
64 29
7
2
51 29
61 36
9
2
19 37
51 68
3
1
5 21
10 28
10
2
51 36
60 43
6
1
5 28
10 40
13
2
60 36
67 60
4
1
5 42
14 57
2
1
0 68
61 106
0
1
61 87
70 92
1
1
61 92
66 96
5
1
