74
0 0
16 22
43
9
16 0
24 10
45
10
24 0
30 10
46
10
30 0
55 10
40
9
55 0
61 7
48
10
61 0
67 8
47
10
16 10
55 16
36
9
67 0
74 6
49
10
55 8
71 14
44
9
16 16
36 22
42
9
55 14
62 20
39
9
62 14
72 20
37
9
36 16
43 22
38
9
43 20
69 28
35
8
0 22
36 28
41
9
0 28
74 36
34
8
0 36
46 46
33
7
46 36
71 46
30
7
0 46
53 53
32
7
53 46
71 52
26
6
53 52
73 58
22
5
0 53
10 59
29
6
10 53
36 59
31
7
36 53
42 59
28
6
42 53
49 59
27
6
0 59
64 93
21
5
0 93
20 107
19
4
20 93
35 99
25
5
64 58
74 68
23
5
64 68
72 74
24
5
35 93
62 112
20
5
64 74
70 84
17
4
20 99
34 105
16
4
64 84
71 94
18
4
62 94
73 104
11
3
0 107
31 117
12
3
0 117
48 124
10
3
62 104
70 110
15
3
0 124
47 131
14
3
62 110
71 116
13
3
48 112
62 120
9
2
62 116
71 123
8
2
47 124
74 130
7
2
0 131
74 137
6
2
0 137
6 147
0
1
6 137
16 144
5
1
16 137
27 147
3
1
27 137
50 143
2
1
50 137
58 147
1
1
58 137
69 143
4
1
