50
0 0
5 5
52
10
5 0
12 5
57
12
12 0
36 30
43
7
36 0
43 21
50
9
43 0
48 5
58
12
0 5
6 30
54
10
6 5
10 8
56
11
43 5
46 8
47
8
6 8
11 12
55
11
46 5
49 8
59
12
43 8
47 20
48
8
6 12
11 16
49
9
47 8
50 13
53
10
6 16
10 19
51
9
47 13
50 16
41
7
36 21
50 45
42
7
0 30
35 42
46
7
0 42
4 45
45
7
4 42
12 45
40
6
12 42
16 47
34
6
16 42
19 45
31
5
19 42
35 48
39
6
0 45
3 50
35
6
3 45
8 50
33
6
35 45
40 48
44
7
40 45
45 50
38
6
45 45
50 48
36
6
8 47
13 50
37
6
0 50
50 53
32
5
0 53
5 58
29
5
5 53
14 57
28
5
14 53
17 58
30
5
17 53
22 56
25
4
22 53
48 83
24
4
17 56
22 80
21
3
5 57
10 65
27
4
10 58
17 63
26
4
0 58
4 63
23
3
0 63
3 68
19
3
10 63
15 68
20
3
0 83
50 86
22
3
0 86
50 90
10
2
0 90
3 95
14
2
3 90
7 111
7
2
7 90
12 111
5
1
12 90
47 103
17
2
47 90
50 98
4
1
12 103
16 108
12
2
0 95
3 101
9
2
16 103
20 118
18
2
20 103
25 111
13
2
25 103
29 117
11
2
47 98
50 117
3
1
29 103
33 106
16
2
0 101
3 104
1
1
33 103
37 110
6
1
37 103
41 106
15
2
41 103
44 107
8
2
44 103
47 107
0
1
29 110
41 116
2
1
