82
0 0
23 38
67
14
23 0
32 22
65
14
32 0
36 33
63
14
36 0
45 12
64
14
45 0
57 7
68
14
57 0
80 2
69
14
57 2
60 7
66
14
80 0
82 2
62
14
45 7
73 29
59
13
73 2
76 54
61
13
76 2
79 24
57
13
79 2
82 6
56
13
79 6
82 8
58
13
79 8
81 10
60
13
79 10
82 24
55
12
36 29
47 31
54
12
23 22
25 24
53
12
47 29
58 67
51
11
25 22
28 26
48
11
28 22
31 24
52
11
23 24
25 26
49
11
28 24
30 26
47
11
30 24
32 26
50
11
76 24
79 64
46
10
23 33
45 35
45
10
58 29
65 31
43
9
79 24
82 28
44
9
79 28
82 30
42
9
65 29
68 31
41
9
68 29
71 67
37
8
58 31
65 38
38
8
23 35
31 37
40
8
31 35
39 37
39
8
71 29
73 31
30
6
0 38
46 50
33
7
79 30
81 34
34
7
65 31
67 33
35
7
65 33
68 53
32
6
79 34
82 36
31
6
79 36
82 38
29
6
0 50
19 109
36
7
58 38
64 120
21
5
71 31
73 113
22
5
19 50
44 55
25
5
79 38
82 53
23
5
44 50
47 56
24
5
64 53
67 57
26
5
79 53
82 55
27
5
73 54
76 56
28
5
19 55
38 78
13
4
38 56
45 92
14
4
79 55
82 95
15
4
19 78
37 82
20
4
45 67
58 69
18
4
73 64
79 66
16
4
64 57
66 59
17
4
66 57
68 59
19
4
64 59
67 96
9
3
19 92
43 94
10
3
73 66
78 68
11
3
67 67
69 69
12
3
69 67
71 69
8
3
45 69
58 76
4
2
73 68
76 90
5
2
76 68
78 72
7
2
67 69
71 71
6
2
67 71
70 73
3
2
19 94
56 116
1
1
0 109
18 111
0
1
76 72
78 74
2
1
