50
0 0
37 3
75
16
37 0
40 15
73
16
0 3
23 7
74
16
40 0
50 6
79
16
23 3
26 7
72
16
0 7
16 12
77
16
26 3
30 8
78
16
30 3
33 8
76
16
33 3
37 8
70
16
40 6
45 22
68
15
16 7
26 13
66
15
45 6
48 17
71
16
0 12
16 17
64
15
26 8
29 13
67
15
29 8
32 12
69
15
16 13
36 17
65
15
0 17
40 30
59
14
0 30
34 41
62
14
40 22
47 57
60
14
0 41
12 47
61
14
34 30
38 35
63
14
34 35
38 70
58
13
12 41
21 65
55
12
47 17
50 21
53
12
47 21
50 26
57
12
47 26
50 30
54
12
21 41
25 44
56
12
25 41
30 52
52
11
30 41
34 45
51
11
21 44
25 47
50
11
0 47
7 97
46
10
7 47
12 67
49
10
21 52
26 60
47
10
47 30
50 40
48
10
30 45
34 48
44
10
47 40
50 43
45
10
7 67
30 101
37
9
30 48
34 69
39
9
38 57
47 60
43
9
38 60
50 70
41
9
30 70
47 76
35
9
47 70
50 82
38
9
30 76
38 96
36
9
0 101
37 116
40
9
38 76
42 81
42
9
38 82
49 101
34
8
37 101
48 109
33
8
37 109
40 118
32
8
0 116
23 151
25
7
23 116
36 159
31
7
40 109
48 115
30
7
40 115
47 121
26
7
47 115
50 118
29
7
36 118
39 123
27
7
39 121
46 124
28
7
36 124
44 134
22
6
47 118
50 140
21
6
36 134
40 138
23
6
44 124
47 128
24
6
40 134
44 163
20
5
36 138
40 166
18
5
44 140
48 144
19
5
44 144
48 148
17
5
0 151
18 155
15
4
0 155
12 159
12
4
12 155
19 159
14
4
44 148
48 155
13
4
19 151
22 158
16
4
0 159
11 167
8
3
11 159
31 164
11
3
11 164
31 167
10
3
44 155
48 160
9
3
31 159
34 173
7
2
0 167
23 171
6
2
44 160
48 163
5
2
40 163
49 174
1
1
34 166
38 170
3
1
23 167
26 172
0
1
26 167
29 170
2
1
0 171
10 174
4
1
