54
0 0
4 4
98
20
4 0
7 3
99
20
7 0
54 7
87
19
0 7
28 18
95
19
0 18
28 25
90
19
28 7
47 13
89
19
47 7
50 21
97
19
50 7
53 15
92
19
28 13
32 17
93
19
32 13
36 17
88
19
36 13
39 18
96
19
39 13
44 16
91
19
44 13
47 16
94
19
50 15
54 18
81
17
28 18
40 45
85
18
0 25
22 29
86
18
40 16
43 29
84
18
43 16
46 19
83
18
0 29
18 33
82
17
43 21
51 28
79
17
51 18
54 24
80
17
22 25
27 28
77
17
22 28
26 31
78
17
43 28
47 56
74
16
47 28
51 60
50
12
18 29
22 38
76
16
22 31
27 36
70
16
0 33
4 38
71
16
4 33
8 37
75
16
51 24
54 29
73
16
8 33
12 36
72
16
40 29
43 64
69
15
12 33
16 38
67
15
51 29
54 32
68
15
0 38
24 42
60
14
0 42
10 47
65
14
10 42
17 45
62
14
24 36
28 41
64
14
24 41
28 46
63
14
17 42
22 45
57
14
51 32
54 37
66
14
51 37
54 42
59
14
51 42
54 47
58
14
10 45
13 48
61
14
13 45
22 49
55
13
28 45
36 49
56
13
36 45
39 50
54
13
22 46
25 49
53
13
25 46
28 49
52
13
0 47
3 50
51
13
3 49
31 54
49
12
51 47
54 57
48
11
31 49
35 52
47
11
35 50
39 53
46
11
0 50
3 54
45
11
0 64
47 68
41
10
47 60
51 75
38
10
0 68
10 73
42
10
10 68
16 73
40
10
16 68
24 71
44
10
51 57
54 65
43
10
24 68
28 71
39
10
28 68
40 91
34
9
51 65
54 104
36
9
40 68
43 73
35
9
43 68
46 88
33
8
16 71
22 125
31
7
22 71
26 80
30
7
0 73
3 77
32
7
3 73
7 78
37
10
7 73
16 78
23
6
0 78
16 83
29
6
46 75
50 79
22
6
46 79
51 82
26
6
40 73
43 78
24
6
40 78
43 82
27
6
22 80
25 83
25
6
0 83
15 133
21
5
22 91
41 108
28
6
46 82
50 87
18
5
46 87
49 91
20
5
41 88
45 91
19
5
0 133
44 168
17
4
44 91
49 96
12
3
44 96
51 99
16
3
44 99
49 102
15
3
44 102
47 106
14
3
47 102
50 106
13
3
44 106
53 111
7
2
0 168
11 171
4
2
44 111
49 114
5
2
49 111
52 115
11
2
44 114
48 117
8
2
48 115
51 118
6
2
51 115
54 118
9
2
44 117
47 171
3
1
47 118
50 158
2
1
50 118
53 123
0
1
50 123
54 126
1
1
11 168
21 171
10
2
