62
0 0
54 33
196
160
0 33
22 39
197
160
54 0
61 5
199
160
54 5
56 8
198
160
56 5
58 7
195
159
0 39
51 42
194
158
58 5
61 8
193
157
0 42
17 50
190
156
56 7
58 9
192
156
54 8
56 10
191
156
58 8
60 10
189
156
54 10
57 13
188
155
60 8
62 10
187
155
57 10
60 21
186
154
60 10
62 12
185
154
54 21
59 33
183
153
59 21
62 24
184
153
51 33
57 36
180
152
59 24
61 32
179
152
59 32
61 34
182
152
57 33
59 35
181
152
59 34
62 37
178
151
57 35
59 37
177
151
51 36
53 38
176
150
53 36
55 38
175
149
55 37
58 39
174
148
17 42
37 44
173
147
58 37
61 39
172
146
51 39
57 41
171
145
51 41
60 45
163
137
60 39
62 41
169
143
37 42
40 45
168
142
60 41
62 44
167
141
40 42
48 45
166
140
17 44
24 46
165
139
48 42
50 45
164
138
24 44
29 46
170
144
29 45
48 47
162
136
48 45
52 47
161
135
60 44
62 46
160
134
52 45
54 51
159
133
0 50
42 53
158
132
54 45
56 47
157
131
56 45
58 48
156
130
0 53
27 55
155
129
58 45
60 48
154
128
42 47
45 50
153
127
0 55
59 73
152
126
60 46
62 48
151
125
59 48
61 51
150
124
59 51
61 56
149
123
59 56
61 58
148
122
59 58
62 70
147
121
59 70
61 72
146
120
59 72
62 75
145
119
0 73
2 80
144
118
2 73
14 76
143
117
14 73
16 75
142
116
16 73
18 76
141
115
18 73
20 75
140
114
20 73
22 75
139
113
22 73
27 76
138
112
27 73
30 76
137
111
30 73
32 75
136
110
32 73
36 79
135
109
36 73
38 75
134
108
38 73
40 76
133
107
40 73
42 75
132
106
42 73
44 75
131
105
44 73
46 75
130
104
46 73
48 75
129
103
40 75
54 78
128
102
54 73
56 76
127
101
56 73
59 75
126
100
14 75
16 78
125
99
18 75
20 77
124
98
20 75
22 77
123
97
30 75
32 78
122
96
36 75
38 77
121
95
56 75
58 77
120
94
2 76
7 79
119
93
2 79
31 82
118
92
58 75
61 77
117
91
38 76
40 78
116
90
54 77
59 80
115
89
36 77
38 79
114
88
59 77
62 80
113
87
38 78
54 109
108
84
31 79
33 81
112
86
33 79
38 88
109
85
0 80
2 82
110
85
54 80
57 82
111
86
57 80
60 82
107
83
60 80
62 87
106
82
0 82
13 84
105
81
13 82
16 85
104
80
31 81
33 83
103
79
0 88
34 90
102
78
0 90
14 93
101
77
54 82
57 84
100
76
57 82
59 84
99
75
54 84
57 86
98
74
54 86
59 88
97
73
59 87
61 89
96
72
54 89
62 92
95
71
34 88
38 90
94
70
14 90
16 92
93
69
16 90
18 92
92
68
18 90
20 94
91
67
20 90
22 92
90
67
22 90
24 92
89
66
24 90
26 93
88
65
26 90
29 100
87
64
29 90
31 93
86
63
31 90
37 92
85
62
54 92
62 97
83
61
14 92
17 94
84
61
31 92
37 98
82
60
20 92
23 154
80
59
0 93
3 95
81
59
3 93
6 95
79
58
6 93
8 95
78
57
8 93
10 96
77
56
10 93
12 96
76
55
23 93
26 95
75
54
12 93
14 95
74
53
29 93
31 95
73
52
14 94
16 97
72
51
16 94
18 99
71
50
18 94
20 96
70
49
0 95
3 98
69
48
3 95
5 97
68
48
5 96
10 98
67
47
10 96
14 98
66
46
23 109
48 112
65
45
18 96
20 98
64
44
54 97
62 100
63
43
3 97
5 99
62
42
14 97
16 99
61
41
0 98
2 101
59
40
5 98
7 100
60
40
7 98
9 100
58
40
23 112
54 140
57
39
9 98
12 100
55
38
12 98
14 100
56
38
18 98
20 101
54
37
2 99
4 101
53
37
0 101
19 109
52
36
54 100
57 121
51
35
57 100
62 113
50
34
0 109
2 111
49
33
2 109
9 111
48
32
9 109
12 117
47
31
23 140
52 142
46
30
23 142
48 144
45
29
0 111
9 113
44
29
12 109
14 111
43
28
23 144
55 146
39
27
0 117
11 120
40
27
14 109
18 111
41
27
12 111
15 113
42
27
12 113
18 163
38
26
23 146
46 148
37
25
57 113
61 117
36
24
18 109
20 120
34
23
57 117
59 121
35
23
0 163
60 188
32
22
0 188
5 190
33
22
60 117
62 119
31
21
5 188
10 216
29
20
10 188
42 190
30
20
10 190
35 193
25
19
42 188
62 190
26
19
35 190
48 193
27
19
0 190
2 193
28
19
2 190
5 192
24
18
48 190
53 196
23
17
53 190
55 198
22
16
55 190
58 196
21
15
10 198
58 201
19
14
58 190
61 193
18
14
2 192
4 195
20
14
0 193
2 195
17
13
58 193
60 195
16
12
60 193
62 195
15
12
10 201
27 207
13
11
27 201
43 204
14
11
0 195
2 197
12
10
58 195
62 198
11
9
2 195
5 207
10
8
43 201
61 204
9
7
0 197
2 199
8
7
27 204
40 237
5
6
0 199
2 201
7
6
0 201
2 203
6
6
40 204
56 208
4
5
0 203
2 206
3
4
56 204
58 207
2
3
58 204
61 209
1
2
0 207
3 209
0
1
