70
0 0
3 3
298
240
3 0
5 3
299
240
5 0
7 3
297
239
0 3
70 8
296
238
0 8
3 10
295
238
3 8
6 10
294
237
6 8
8 10
293
236
8 8
18 12
292
235
18 8
36 10
291
234
36 8
39 13
290
233
39 8
41 10
289
232
0 13
70 17
288
231
0 17
27 19
287
230
27 17
29 21
286
230
29 17
33 20
285
229
33 17
36 20
284
228
36 17
42 34
283
227
42 17
46 30
282
227
46 17
49 19
281
226
49 17
51 19
280
225
51 17
54 20
279
224
54 17
57 20
278
223
57 17
60 20
277
222
60 17
62 20
276
221
0 19
20 22
274
220
62 17
66 20
275
220
20 19
27 21
273
219
66 17
69 47
272
218
46 19
49 22
271
217
49 19
51 29
270
216
29 20
32 24
269
215
51 20
66 37
268
214
32 20
34 22
267
213
34 20
36 22
266
212
20 21
22 26
265
211
0 22
9 33
264
210
9 22
17 24
263
210
9 24
17 26
262
209
22 21
24 24
261
208
24 21
27 24
260
207
9 26
26 29
259
206
27 21
29 32
258
205
29 24
34 35
257
204
34 22
36 24
256
203
46 22
48 25
255
202
46 25
49 27
254
201
46 27
49 29
253
200
0 33
23 39
252
199
34 24
36 26
251
198
23 29
26 32
250
197
46 29
50 40
249
196
23 32
28 37
248
195
34 26
36 29
247
194
34 34
44 36
246
193
28 35
31 37
245
192
44 30
46 32
244
191
44 32
46 35
243
190
31 35
33 37
242
189
33 36
36 38
241
188
44 35
46 38
240
187
36 36
39 38
239
186
39 36
41 39
238
185
50 37
62 39
237
184
0 39
18 41
236
183
23 37
31 53
235
182
41 36
43 39
234
181
31 37
33 40
233
180
62 37
65 39
232
179
50 39
64 56
231
178
33 38
35 41
230
177
35 38
37 40
229
176
37 38
39 42
228
175
0 41
19 60
227
174
39 39
44 41
226
173
44 38
46 40
225
172
19 39
22 55
224
171
44 40
47 42
223
170
31 42
38 45
222
169
31 45
50 68
221
168
64 39
66 41
220
167
64 41
66 46
219
166
64 46
66 58
218
165
22 53
27 58
212
159
50 56
58 59
216
163
66 47
68 52
215
162
58 56
64 58
214
161
66 52
69 54
213
160
0 60
21 62
217
164
27 53
30 56
211
158
66 54
68 57
210
157
58 58
69 62
209
156
27 56
30 59
208
156
21 58
24 61
206
155
24 58
26 60
207
155
0 62
31 79
205
154
50 59
52 65
203
153
52 59
55 61
201
153
55 59
57 61
204
153
52 61
54 63
202
153
54 61
56 63
200
153
56 61
58 64
199
152
58 62
60 85
197
151
60 62
63 71
198
151
31 68
45 85
196
150
0 79
15 85
195
150
63 62
66 66
194
149
66 62
68 64
193
149
68 62
70 67
192
148
52 64
57 80
191
147
63 66
66 83
190
146
66 64
68 67
189
145
50 65
52 69
188
144
66 67
68 69
187
144
45 68
48 72
186
143
68 67
70 72
185
142
48 68
50 70
184
141
15 79
30 81
182
140
48 70
51 72
181
140
66 69
68 72
180
140
60 71
62 73
183
140
45 72
48 74
178
139
48 72
50 74
179
139
50 72
52 86
176
138
66 72
69 77
175
138
60 73
63 77
177
138
45 74
48 77
174
137
15 81
23 84
173
136
48 74
50 76
172
135
45 77
48 80
171
134
60 77
63 79
170
133
48 76
50 78
169
132
66 77
69 80
168
131
48 78
50 81
167
130
52 80
57 97
166
129
60 79
63 85
165
129
45 80
48 82
164
128
66 80
68 82
163
127
68 80
70 83
162
126
23 81
27 89
161
125
45 82
50 85
160
124
0 89
27 93
159
123
0 93
38 96
158
122
66 82
68 85
157
121
63 83
65 90
156
120
0 96
32 106
155
119
38 85
41 88
154
118
41 85
45 87
153
117
45 85
48 88
152
116
68 83
70 86
151
115
48 85
50 87
150
114
57 85
60 87
149
113
60 85
63 88
148
112
65 85
68 87
147
111
65 87
70 90
146
110
41 87
44 89
145
109
48 87
51 91
144
108
32 97
58 103
143
107
32 103
47 109
142
106
58 88
61 90
141
105
61 88
63 90
140
104
58 90
61 93
139
103
61 90
63 94
138
102
63 90
66 98
137
101
0 109
63 112
136
100
66 90
69 93
135
99
0 112
30 117
134
98
0 117
48 119
133
97
66 93
68 96
132
96
68 93
70 96
131
95
63 98
68 102
129
94
63 102
66 105
130
94
68 96
70 99
128
94
68 99
70 102
127
93
66 102
68 105
126
92
0 119
24 121
125
91
68 102
70 105
124
90
63 105
65 108
123
89
48 112
56 116
122
88
65 105
68 107
121
87
65 107
70 111
120
86
63 111
67 113
119
85
67 111
70 113
118
85
56 112
59 115
117
84
59 112
62 115
116
83
62 113
64 116
115
83
64 113
66 116
114
83
66 113
69 118
113
82
24 119
56 125
110
81
56 116
63 119
112
81
63 116
65 123
111
81
65 118
68 121
109
80
56 119
60 125
108
79
0 121
4 132
106
78
68 118
70 120
107
78
4 121
10 130
104
77
60 119
62 122
105
77
10 121
20 124
103
76
60 123
70 125
102
76
10 124
20 145
101
75
20 121
22 123
100
74
20 123
24 139
99
73
24 125
26 128
98
72
26 125
29 127
97
71
29 125
32 127
96
70
32 125
44 129
94
68
44 125
46 128
95
69
46 125
50 128
93
68
50 125
52 138
92
67
52 125
62 127
91
66
62 125
65 128
90
65
65 125
67 128
89
65
67 125
69 128
88
64
26 127
28 130
87
64
28 127
30 135
86
63
30 127
32 130
85
63
52 127
55 129
84
63
55 127
58 130
83
62
58 127
61 129
82
61
24 128
26 130
81
60
44 128
46 130
80
60
61 128
66 132
77
59
46 128
49 131
78
59
66 128
68 131
79
59
68 128
70 130
76
59
32 129
39 132
75
58
30 132
42 146
74
57
52 132
65 149
72
56
0 145
16 147
73
56
42 129
44 132
71
55
24 130
27 133
70
54
44 131
47 133
68
53
68 130
70 132
69
53
47 131
50 134
66
52
66 131
68 134
67
52
42 132
44 135
65
51
24 133
27 136
64
50
44 133
47 135
63
49
42 138
52 149
62
48
0 149
70 156
61
47
0 156
2 159
60
47
2 156
5 176
59
46
5 156
24 161
58
45
24 156
29 172
54
44
29 156
31 161
57
44
31 156
36 158
53
44
36 156
39 159
55
44
39 156
41 158
56
44
41 156
49 159
51
43
49 156
52 158
52
43
52 156
54 158
50
42
54 156
57 159
49
41
57 156
60 158
48
41
60 156
64 158
46
40
64 156
67 158
47
40
31 159
61 163
45
39
61 158
70 160
44
38
5 161
15 165
43
37
0 159
2 162
42
36
61 160
64 162
41
35
15 161
22 163
40
34
64 160
66 162
39
33
66 160
70 162
38
32
61 162
64 166
36
31
22 161
24 163
37
31
29 161
31 164
35
30
0 162
2 165
34
29
64 162
67 164
33
28
67 162
69 165
32
28
15 163
19 169
31
27
31 163
52 166
29
26
19 163
22 168
30
26
52 163
55 166
28
25
22 163
24 166
27
24
55 163
57 169
25
23
57 163
60 165
26
23
29 164
31 167
24
22
31 166
42 170
23
21
64 164
66 167
22
20
42 169
66 176
21
19
5 165
11 181
19
18
11 169
20 174
20
18
0 165
2 167
18
18
29 170
36 173
17
17
66 165
69 175
16
16
20 173
41 182
14
15
11 174
20 177
15
15
66 175
69 180
13
14
41 176
56 178
12
13
0 176
3 178
11
12
41 178
64 180
10
11
11 177
17 179
9
10
3 176
5 178
8
9
17 177
20 189
7
8
11 179
17 181
6
7
64 176
66 178
5
6
0 178
2 180
4
5
0 180
4 182
3
4
41 180
66 182
2
3
66 180
70 183
1
2
4 181
6 183
0
1
