125
0 0
3 21
499
400
3 0
7 3
497
399
7 0
10 3
498
399
10 0
13 7
496
398
13 0
17 3
495
397
17 0
21 5
494
396
21 0
24 3
493
395
24 0
27 11
492
394
27 0
32 4
491
393
32 0
35 5
490
392
35 0
38 5
489
391
38 0
41 28
487
390
41 0
45 3
488
390
45 0
57 31
486
389
57 0
61 10
485
389
61 0
64 3
484
388
64 0
67 3
483
387
67 0
70 5
482
386
70 0
88 25
481
385
88 0
93 3
480
384
93 0
96 5
479
383
96 0
99 4
478
383
99 0
103 5
477
382
88 5
118 9
476
381
118 0
121 3
475
380
121 0
124 3
474
379
3 3
10 6
473
378
61 3
66 7
472
378
13 3
16 32
471
377
118 3
123 8
470
376
21 3
24 6
469
375
41 3
44 15
468
374
27 4
30 7
467
373
16 5
19 26
465
372
30 5
35 8
466
372
35 5
38 11
464
371
66 5
69 9
463
370
3 6
6 10
462
369
6 6
10 9
461
368
19 6
24 10
460
367
10 7
13 10
459
366
27 7
30 13
458
365
61 7
64 11
457
364
30 8
33 11
456
363
118 8
121 11
455
362
64 9
69 12
454
361
88 9
100 12
452
360
121 8
124 12
453
360
6 9
10 14
451
359
100 9
103 14
450
358
103 9
106 14
449
357
106 9
109 12
448
356
109 9
114 12
447
355
57 12
66 46
446
354
114 9
117 13
445
353
19 13
35 21
444
352
3 10
6 13
443
351
10 10
13 15
442
350
88 12
93 21
441
349
93 12
99 24
440
348
35 11
38 14
439
347
106 12
111 17
438
346
117 11
120 20
437
345
66 12
69 30
436
344
120 12
125 15
435
343
99 20
119 24
434
342
3 13
6 16
433
341
6 14
9 18
432
340
35 14
38 18
431
339
9 15
12 20
430
338
41 15
45 19
429
337
0 21
11 24
428
336
120 15
124 20
427
335
35 18
38 23
426
334
119 20
124 24
425
333
41 19
45 24
424
332
19 21
24 26
423
331
88 24
103 32
421
330
24 21
33 24
420
330
33 23
36 28
419
330
0 24
3 27
422
330
3 24
6 28
418
329
6 24
9 27
417
328
16 31
50 43
416
327
103 24
125 34
415
326
69 25
74 28
414
325
66 32
97 37
413
324
6 27
11 30
412
323
0 28
4 39
411
322
4 30
7 33
410
321
7 32
15 90
409
320
50 31
54 36
408
319
54 31
57 34
407
318
97 32
101 36
406
317
4 33
7 36
405
316
54 34
57 37
404
315
101 34
106 39
403
314
106 34
118 37
401
313
118 34
121 37
402
313
66 37
78 40
400
312
121 34
125 37
399
312
78 37
88 47
397
311
4 36
7 39
398
311
50 37
55 88
396
310
97 36
100 41
395
309
88 37
92 43
394
308
92 37
95 43
393
307
106 37
113 40
392
306
113 37
118 42
391
305
118 37
122 50
390
304
122 37
125 40
389
303
95 41
110 64
388
302
0 39
3 90
387
301
66 40
71 45
386
300
71 40
76 63
385
299
3 39
6 43
384
298
110 42
115 45
383
297
3 43
7 53
382
296
122 40
125 44
381
295
15 43
19 47
380
294
115 42
118 49
379
293
19 43
22 87
378
292
22 43
25 49
377
291
25 43
28 46
376
291
28 43
31 48
374
290
31 43
34 46
375
290
34 43
38 46
373
289
38 43
42 46
372
289
31 46
49 55
370
288
88 43
91 47
371
288
66 45
71 52
364
283
91 43
94 47
368
286
110 45
114 49
367
285
55 46
62 66
366
284
62 46
66 49
365
284
122 44
125 49
369
287
25 46
28 49
363
282
76 47
85 70
362
281
15 47
18 50
361
280
85 47
90 51
360
279
90 47
93 50
359
278
28 48
31 51
358
278
22 49
28 147
357
277
85 64
116 125
355
276
55 70
79 74
356
276
28 55
38 82
354
275
122 49
125 53
353
274
15 50
18 53
352
273
116 53
125 61
350
272
3 53
6 56
351
272
28 88
64 115
349
271
64 74
81 77
346
270
15 53
18 56
348
270
3 56
6 59
347
270
15 56
19 60
345
269
3 59
6 62
343
268
15 60
18 63
344
268
116 61
119 64
342
267
119 61
124 71
337
266
3 62
7 67
340
266
15 63
18 68
339
266
116 64
119 67
341
266
3 67
6 70
338
266
116 67
119 70
336
266
15 68
18 73
335
265
3 70
6 74
334
264
116 71
123 75
333
263
116 75
121 78
332
263
81 70
85 75
331
262
15 73
19 76
330
261
3 74
6 77
329
260
81 75
85 79
328
259
64 77
69 80
327
258
121 75
124 83
325
257
15 76
18 82
326
257
69 77
74 93
324
256
0 90
14 117
323
255
74 77
77 81
322
254
77 77
81 83
320
253
116 78
119 82
321
253
81 79
84 82
319
253
74 83
83 86
318
252
64 80
69 83
317
252
15 82
18 86
316
252
116 82
121 87
315
251
64 83
68 91
314
250
64 93
78 96
313
249
121 83
124 86
312
248
15 86
18 89
311
247
78 86
83 89
310
246
121 86
124 90
309
245
18 87
21 91
308
244
28 115
56 120
307
243
116 87
121 91
306
242
78 89
82 93
303
241
14 90
18 93
305
241
121 90
125 93
304
241
18 91
22 96
302
240
82 89
85 93
301
239
116 91
119 101
300
238
28 120
71 131
298
237
71 96
83 100
295
237
71 100
80 105
299
237
14 93
17 103
294
237
116 101
124 104
296
237
17 96
20 99
297
237
17 99
20 104
293
236
80 100
83 104
292
236
14 103
17 107
291
235
116 104
124 110
290
234
17 104
20 109
289
233
80 104
83 107
288
232
71 105
76 109
287
231
76 105
79 110
286
230
14 107
17 110
285
229
79 107
85 114
284
228
17 109
20 112
283
227
71 109
74 116
282
226
74 110
78 113
281
225
116 110
120 113
280
224
14 110
17 113
279
223
120 110
123 114
278
222
17 112
21 115
277
221
14 113
17 118
276
220
74 113
79 126
275
219
116 113
120 116
274
219
79 114
82 118
273
219
120 114
125 119
272
218
17 115
22 118
271
217
116 116
120 126
270
216
82 114
85 119
269
215
71 116
74 121
262
210
0 117
5 122
267
213
5 117
8 134
265
212
8 117
11 122
266
212
11 118
16 121
264
211
16 118
20 123
263
210
79 119
84 125
268
214
8 122
14 127
261
209
120 119
123 126
259
209
71 121
74 124
260
209
0 122
5 132
258
208
14 123
17 126
257
207
17 123
20 126
256
206
71 124
74 128
255
205
79 125
82 129
254
205
82 125
104 130
253
204
104 125
109 130
252
203
109 125
112 129
251
202
14 126
19 131
250
201
112 125
115 128
249
200
74 126
78 132
248
199
19 126
22 147
247
198
115 126
118 130
246
197
118 126
121 131
245
196
121 126
124 130
244
195
8 127
11 131
243
195
78 129
82 145
242
194
11 127
14 140
239
193
71 128
74 131
241
193
112 128
115 131
240
193
109 129
112 133
238
192
82 130
85 133
237
192
85 130
88 137
236
191
88 130
92 133
235
190
92 130
97 133
234
189
97 130
107 147
233
188
14 131
19 134
231
187
115 130
118 134
232
187
121 130
124 133
230
186
8 131
11 135
229
185
28 131
31 134
228
185
31 131
34 134
227
184
34 131
43 149
226
183
43 131
46 134
225
182
46 131
49 135
224
181
49 131
67 155
223
180
67 131
70 134
222
179
0 132
5 136
221
178
70 131
73 134
220
177
112 131
115 134
219
176
118 131
121 135
218
175
73 132
76 135
217
174
88 133
93 136
216
173
93 133
97 159
215
172
107 133
111 136
214
171
14 134
19 137
213
170
82 133
85 159
212
169
67 135
75 142
211
168
0 149
40 159
210
167
121 133
125 138
209
167
111 134
115 137
208
166
43 135
47 145
207
165
115 134
118 137
206
164
88 136
93 154
203
161
75 135
78 140
204
162
118 135
121 144
205
163
107 136
110 139
202
161
85 137
88 140
201
160
110 137
114 141
200
159
114 137
117 142
199
158
40 155
71 158
198
157
121 138
124 141
197
157
107 139
110 151
196
156
75 140
78 143
195
155
110 141
114 165
194
154
85 140
88 143
193
153
121 141
124 144
192
152
114 144
125 147
191
151
71 143
77 159
190
150
77 145
82 163
189
149
85 143
88 164
188
148
97 147
102 151
187
147
102 147
105 151
186
146
114 147
121 153
185
145
121 147
124 152
184
144
97 151
102 154
183
143
102 151
105 155
182
142
105 151
109 154
181
142
114 153
119 173
179
141
121 152
124 185
180
141
88 154
91 168
177
141
97 154
102 157
178
141
105 154
109 158
176
140
102 155
105 158
175
139
97 157
102 251
174
138
40 158
43 162
173
137
43 158
46 168
172
136
46 158
50 161
171
135
50 158
53 226
169
134
53 158
57 161
170
134
0 168
49 171
167
133
57 158
60 161
168
133
60 158
65 161
166
132
65 158
68 161
165
132
102 158
106 161
164
131
68 158
71 168
163
130
106 158
110 165
162
130
71 159
74 162
161
130
91 159
95 164
160
129
74 159
77 171
159
128
53 161
58 166
158
127
82 159
85 165
157
127
53 168
71 171
156
126
102 161
105 168
155
125
77 163
82 167
154
124
71 162
74 165
153
123
85 164
88 167
152
122
91 164
96 168
151
121
105 165
110 173
150
120
71 165
74 170
149
119
82 165
85 171
148
118
110 165
114 172
147
117
77 167
80 183
146
116
85 168
90 179
145
115
90 168
93 172
144
114
0 171
5 177
143
113
93 168
96 173
142
112
5 171
12 204
141
111
12 171
48 204
140
110
53 171
57 174
139
109
57 171
61 175
138
108
102 168
105 171
137
107
61 171
65 176
136
106
71 170
74 173
135
105
65 171
68 174
134
104
68 171
71 176
133
103
80 171
84 176
132
102
74 171
77 174
131
101
102 173
120 178
130
100
90 172
93 179
129
100
71 173
74 176
128
99
93 173
96 176
127
99
53 174
56 177
126
99
56 175
60 178
125
98
65 174
68 177
124
98
74 174
77 178
123
97
60 176
64 179
122
96
68 176
74 211
121
95
80 176
83 188
119
95
93 176
96 179
120
95
0 177
3 181
118
94
64 177
68 182
117
93
53 177
56 180
116
92
56 178
59 182
115
91
74 178
77 183
114
90
102 178
116 183
113
89
116 178
120 182
112
88
59 179
62 183
111
87
83 179
88 184
110
86
88 179
97 182
109
85
0 181
4 209
108
84
53 182
58 185
107
83
62 182
67 185
106
82
88 182
95 197
105
81
116 182
119 186
104
80
74 183
79 186
103
79
58 183
61 196
102
78
102 183
105 186
101
77
105 183
108 187
100
76
108 183
111 186
99
75
111 183
114 195
98
74
114 186
124 211
96
73
53 196
68 200
97
73
83 184
88 187
94
73
74 186
77 189
95
73
77 186
80 189
93
72
102 186
105 189
92
71
83 187
88 190
91
70
74 190
84 315
90
69
108 186
111 189
89
68
102 189
107 192
88
67
107 189
110 194
87
67
84 190
87 194
86
67
102 192
105 200
85
66
84 194
87 230
83
65
105 194
109 199
84
65
109 195
112 200
82
65
87 197
91 200
81
65
91 197
94 200
80
64
94 197
97 200
79
64
105 199
108 224
77
63
53 200
56 205
78
63
56 200
59 204
76
62
59 200
64 205
75
61
87 200
92 204
74
60
92 200
97 220
73
59
64 200
67 203
72
58
108 200
114 208
71
57
64 203
68 206
60
48
4 204
8 218
69
55
8 204
13 208
68
54
13 204
17 209
67
53
102 200
105 203
66
52
102 203
105 207
65
51
17 204
21 209
64
50
21 204
24 209
63
50
24 204
29 210
61
49
29 204
32 207
62
49
32 204
44 209
59
48
44 204
48 279
70
56
8 210
26 235
58
47
0 235
33 253
57
46
87 204
91 215
55
45
56 204
59 208
56
45
53 205
56 240
54
44
59 205
62 210
53
44
62 206
65 229
52
43
33 209
44 258
51
42
0 279
54 292
49
41
65 206
68 210
50
41
102 207
105 212
48
40
56 208
59 216
47
39
108 208
111 212
45
39
111 208
114 211
46
39
65 211
70 215
44
38
111 211
116 216
43
37
59 210
62 215
42
36
116 211
121 215
41
35
70 211
73 215
40
34
121 211
124 214
39
33
102 212
105 217
38
32
121 214
125 217
37
31
108 216
120 249
36
30
65 215
70 219
35
29
59 215
62 218
34
28
87 215
92 218
33
27
65 219
73 317
32
26
56 216
59 223
31
25
102 217
105 220
30
24
84 230
96 249
28
23
120 217
124 233
29
23
59 218
62 222
27
22
56 223
61 257
26
21
0 292
54 311
24
20
102 220
105 223
25
20
102 223
105 226
23
19
105 224
108 231
22
18
102 226
105 229
21
17
61 229
64 234
20
16
102 229
105 232
19
15
102 249
123 252
18
14
61 234
64 241
17
13
84 249
89 252
16
12
89 251
98 256
14
11
61 241
65 246
15
11
61 246
65 250
13
10
98 252
117 264
12
9
61 250
64 253
11
8
84 252
89 260
10
7
117 252
122 263
9
6
122 252
125 258
8
5
61 253
65 262
7
4
84 264
101 267
6
3
54 257
57 267
5
3
57 262
62 269
4
2
117 263
125 267
3
1
62 262
65 267
2
1
101 264
104 268
1
1
104 264
107 267
0
1
