72
0 0
5 4
39
32
5 0
10 4
38
31
10 0
18 21
36
30
18 0
47 4
37
30
47 0
56 33
34
28
18 4
38 11
32
26
56 0
61 52
33
27
61 0
66 4
31
25
66 0
70 4
30
24
0 4
5 16
29
23
5 4
9 11
28
22
38 4
42 12
35
29
42 4
46 8
27
21
61 4
66 8
26
20
61 8
70 23
25
19
18 11
27 18
24
18
42 8
46 12
23
17
5 11
10 83
10
9
27 11
32 16
22
16
32 12
40 22
21
15
18 18
27 22
20
14
10 22
20 29
19
13
40 12
47 19
18
12
20 22
31 29
17
11
0 16
5 23
16
11
40 19
45 26
15
11
31 22
38 26
14
11
61 23
70 57
13
10
10 29
42 33
11
10
0 23
5 27
12
10
42 26
47 34
9
8
10 33
42 64
8
7
0 27
4 31
7
6
10 64
71 102
6
5
0 31
5 43
5
4
0 83
7 107
4
3
7 102
14 109
3
3
14 102
23 107
0
1
23 102
28 106
1
1
28 102
32 106
2
2
