74
0 0
6 7
46
39
6 0
52 10
48
40
52 0
67 6
49
40
52 6
66 14
47
39
0 10
16 32
42
37
16 14
63 21
45
39
16 21
42 27
44
39
42 21
60 27
43
38
66 6
74 16
41
36
16 27
64 34
40
35
64 16
70 22
39
34
0 34
64 68
38
33
64 22
70 30
36
31
0 68
36 74
35
30
64 30
74 36
34
29
36 68
52 74
32
27
0 74
27 80
33
28
52 68
63 78
37
32
27 74
47 88
31
27
64 36
70 46
30
27
47 78
72 88
29
26
0 80
27 99
26
24
27 88
34 94
28
25
34 88
73 94
27
25
27 94
37 101
22
21
37 94
62 104
25
24
62 94
71 100
24
23
0 99
10 109
23
22
10 101
36 109
19
18
62 100
71 107
21
20
36 104
56 110
20
19
56 107
67 117
18
17
0 109
23 115
16
15
67 107
74 113
15
14
23 109
30 115
14
13
30 110
40 116
17
16
0 115
20 121
13
12
40 110
51 116
12
11
67 113
73 123
11
10
20 116
51 126
10
9
0 126
53 133
9
8
53 117
61 123
8
7
53 123
61 133
7
6
61 123
68 133
6
5
68 123
74 133
5
4
0 133
74 141
4
3
0 141
14 147
2
2
14 141
21 147
3
2
21 141
29 147
1
1
0 147
74 153
0
1
