50
0 0
5 3
56
46
5 0
8 8
57
47
8 0
43 13
59
48
43 0
47 3
58
48
0 3
5 7
55
45
0 13
50 17
54
45
0 17
5 20
49
40
5 17
12 38
53
44
12 17
16 22
50
41
16 17
21 22
52
43
21 17
33 23
51
42
33 17
36 21
48
39
36 17
40 22
47
38
40 17
44 29
44
35
44 17
48 20
43
34
12 22
19 27
45
36
0 20
5 25
46
37
33 22
40 27
42
33
12 29
47 41
41
32
47 20
50 23
40
31
0 25
5 33
39
30
0 33
4 36
38
29
0 36
5 40
37
28
0 41
50 44
36
27
0 44
4 47
32
23
4 44
12 47
35
26
12 44
16 49
28
19
16 44
19 49
33
24
19 44
23 51
31
22
23 44
49 74
30
21
0 47
5 52
29
20
5 47
8 53
34
25
8 47
12 61
27
18
12 49
18 74
19
14
18 51
23 56
24
17
0 52
4 73
15
11
18 56
23 64
23
17
4 53
7 56
25
18
4 61
9 66
22
16
9 61
12 66
26
18
18 64
21 69
21
15
4 66
9 69
20
14
9 66
12 71
18
14
4 69
7 72
17
13
18 69
22 72
16
12
0 74
50 77
13
10
0 77
24 107
12
10
24 77
40 83
10
8
40 77
43 81
11
9
43 77
47 92
14
10
47 77
50 96
7
6
24 83
33 87
8
7
40 81
43 84
5
6
24 87
38 111
0
1
38 84
43 108
3
4
43 96
48 117
4
5
0 107
5 110
2
3
5 107
8 112
6
6
8 107
11 110
9
8
11 107
16 112
1
2
