82
0 0
2 82
67
56
2 0
6 2
69
56
6 0
8 2
68
56
8 0
11 40
66
55
11 0
13 2
65
54
13 0
15 2
64
53
15 0
18 22
63
52
18 0
21 52
62
51
21 0
25 33
60
50
25 0
27 2
61
50
27 0
29 2
59
49
29 0
54 5
58
48
54 0
77 2
57
47
77 0
80 14
56
47
2 2
5 22
55
46
54 2
61 38
54
45
80 0
82 2
53
44
5 2
8 6
52
43
11 2
14 42
51
42
25 2
28 17
50
42
61 2
63 4
49
41
63 2
65 4
48
41
21 38
67 50
46
40
67 2
70 24
47
40
70 2
73 6
45
39
70 14
82 21
44
38
5 6
7 10
43
37
67 24
80 26
42
36
21 50
44 88
41
35
5 10
7 12
40
34
67 26
76 38
39
33
2 22
7 24
38
32
80 21
82 23
37
31
14 22
16 24
36
30
2 24
5 26
35
29
44 50
81 72
34
28
5 24
8 26
33
27
14 24
17 26
32
26
2 42
15 49
31
25
44 72
68 74
30
24
2 49
10 51
29
23
10 49
17 56
28
22
2 51
4 53
27
21
44 74
72 96
24
20
4 51
7 89
23
20
7 88
25 92
26
20
72 72
75 76
25
20
75 72
81 154
22
19
25 88
44 147
21
18
72 76
75 78
20
17
2 53
4 55
19
16
72 78
75 83
18
15
0 89
7 91
17
14
0 92
19 115
16
13
72 83
75 85
15
12
72 85
75 89
14
11
72 89
75 91
13
10
44 96
62 98
11
9
62 96
73 98
12
9
19 92
25 94
10
8
19 94
22 131
8
7
22 94
25 96
9
7
44 98
55 136
7
6
55 98
63 100
6
6
63 98
72 120
5
5
22 96
25 98
4
4
0 131
22 133
2
3
22 98
25 104
3
3
73 91
75 95
1
2
72 98
75 100
0
1
