50
0 0
5 16
79
64
5 0
25 5
78
63
25 0
28 5
77
63
28 0
31 12
76
62
31 0
48 6
72
58
5 5
21 10
74
60
21 5
24 16
73
59
24 5
27 9
75
61
31 6
38 12
71
57
38 6
49 25
70
56
5 10
16 18
69
55
24 9
27 23
68
54
27 12
35 22
67
53
16 10
20 13
66
52
16 13
20 20
65
51
0 16
4 20
64
50
0 20
20 23
63
49
27 22
36 25
62
48
20 16
23 21
61
47
0 23
9 34
58
46
20 21
23 28
60
46
9 23
13 28
59
46
13 23
20 26
57
45
23 25
46 60
56
44
46 25
49 30
55
43
13 26
16 41
54
42
0 34
10 40
53
41
16 26
20 55
52
40
46 30
50 58
51
39
0 40
7 75
50
38
7 60
44 75
49
37
46 58
50 93
48
36
0 75
10 78
47
35
10 75
14 78
46
34
14 75
37 79
45
33
37 75
41 96
43
32
41 75
45 78
44
32
0 78
5 98
42
31
5 78
9 82
41
30
9 79
27 83
39
29
41 78
46 89
40
29
27 79
37 85
38
28
5 82
9 87
37
27
9 85
32 119
36
26
0 119
20 123
34
25
32 85
35 90
35
25
20 119
43 123
33
24
43 93
47 96
32
24
43 96
47 100
31
23
0 123
34 134
29
22
43 100
47 105
30
22
0 134
40 147
28
21
0 147
12 157
27
20
47 93
50 97
26
19
47 97
50 119
23
18
43 119
50 123
25
18
40 123
43 127
24
18
12 147
25 190
22
17
25 147
37 153
21
16
43 123
46 127
20
15
46 123
50 127
19
14
40 127
45 135
18
13
25 153
41 158
17
12
0 157
11 165
16
11
45 127
48 131
15
10
41 135
50 159
14
9
25 158
29 163
13
8
29 158
37 164
12
7
37 159
45 179
11
6
45 159
48 168
10
5
25 163
28 168
9
4
28 164
31 167
8
4
31 164
34 167
7
4
0 165
4 170
6
3
4 165
11 215
5
2
11 190
48 193
4
2
11 193
23 197
2
2
0 170
3 173
3
2
0 173
3 183
0
1
0 183
4 187
1
1
