54
0 0
5 5
98
80
5 0
9 3
99
80
9 0
33 4
96
79
33 0
42 5
97
79
0 5
47 12
94
78
47 0
51 3
95
78
0 12
11 15
91
77
51 0
54 3
93
77
47 3
50 6
92
77
50 3
54 8
89
76
47 6
50 9
90
76
47 9
52 12
88
75
11 12
14 16
87
74
14 12
17 26
86
73
17 12
22 15
85
72
22 12
40 16
84
71
17 16
33 21
82
70
40 12
43 47
81
70
43 12
46 20
83
71
0 47
44 82
80
69
46 12
54 16
79
68
46 16
49 21
78
68
0 82
19 88
76
67
49 16
52 19
77
67
49 19
53 28
75
66
44 28
54 33
74
65
19 82
47 89
70
64
47 33
50 53
71
64
50 33
54 36
73
64
50 36
54 39
72
64
0 88
10 93
69
63
50 39
53 44
68
63
47 53
52 56
67
62
10 89
22 116
66
61
22 89
50 100
64
61
50 56
53 96
63
61
0 93
9 97
65
61
50 96
54 101
62
61
0 97
3 107
61
60
3 97
6 100
60
59
6 97
10 100
59
58
22 100
41 117
53
52
3 100
6 108
57
56
41 100
48 103
56
55
6 100
10 132
55
54
48 101
51 105
54
53
51 101
54 106
58
57
41 103
48 106
52
51
48 105
51 109
51
50
10 117
25 167
50
49
41 106
45 109
49
48
0 108
4 112
48
47
45 106
48 111
47
46
25 117
47 121
46
45
48 109
52 114
45
44
0 112
4 116
44
43
47 114
50 119
43
42
50 114
53 117
42
41
0 116
3 129
41
40
3 116
6 119
40
39
47 119
52 124
39
38
25 121
29 124
38
37
29 121
33 125
37
36
33 121
37 136
36
35
37 121
45 124
35
34
25 124
29 133
34
33
37 124
41 128
33
32
25 136
53 141
32
31
0 129
6 134
31
30
0 134
5 137
30
29
6 132
10 137
29
28
0 137
9 142
28
27
25 141
28 145
27
26
28 141
32 144
26
25
32 141
35 144
25
24
35 141
39 146
24
23
39 141
43 146
23
22
43 141
49 195
18
19
0 142
8 149
20
21
49 141
52 146
21
21
28 144
31 148
19
20
31 144
34 147
22
22
34 146
39 149
17
18
25 145
28 148
16
17
39 146
43 150
15
16
49 146
53 149
14
15
31 147
34 186
13
14
25 148
28 153
12
13
28 148
31 152
11
12
0 149
3 203
10
11
3 167
13 170
9
10
13 167
25 190
8
9
34 149
37 154
7
8
49 149
53 177
6
7
37 150
42 153
5
6
28 152
31 158
4
5
25 153
28 156
3
4
37 153
40 157
2
3
3 195
50 199
1
2
50 177
53 182
0
1
