62
0 0
2 3
196
79
2 0
8 50
194
79
8 0
11 2
195
79
11 0
13 3
188
76
13 0
15 2
198
79
15 0
18 2
184
76
18 0
21 2
185
76
21 0
27 2
192
78
27 0
45 3
191
77
45 0
47 2
189
77
47 0
49 2
199
80
49 0
52 3
182
75
52 0
54 5
190
77
54 0
56 2
187
76
56 0
58 2
197
79
58 0
60 2
186
76
8 3
33 6
183
75
60 0
62 2
193
78
33 5
62 8
176
74
8 6
17 10
178
74
17 8
34 16
179
74
34 8
37 11
181
74
37 8
40 10
180
74
0 3
2 6
177
74
40 8
43 10
174
73
43 8
50 13
175
73
50 8
53 19
172
72
53 8
56 10
171
72
56 8
61 14
173
72
8 10
11 12
170
71
0 6
2 13
169
70
0 50
59 68
168
70
59 14
62 17
167
70
59 17
61 25
165
69
59 25
61 32
166
69
59 32
61 34
164
68
0 68
48 71
163
67
59 34
61 37
162
66
48 68
59 71
160
65
0 71
32 73
159
65
59 37
62 43
158
65
59 43
62 46
161
65
32 71
37 74
157
64
37 71
62 74
156
64
0 73
2 75
155
64
2 73
4 76
147
60
4 73
7 81
153
63
7 73
9 75
152
63
9 73
25 104
101
42
25 73
27 76
148
60
27 73
29 75
150
61
29 74
54 76
149
61
54 74
56 80
154
63
56 74
58 76
146
60
58 74
60 77
151
62
60 74
62 76
142
59
25 76
30 79
141
58
0 75
2 77
145
59
25 79
54 81
139
57
7 75
9 77
144
59
2 76
4 79
143
59
56 77
60 83
140
57
60 76
62 79
138
56
0 77
2 79
137
56
0 81
9 83
136
55
25 81
28 83
134
55
60 79
62 87
132
54
28 81
36 84
133
54
54 80
56 82
135
55
36 81
39 84
130
53
39 81
41 83
131
53
41 81
43 83
129
53
43 81
45 83
128
52
45 81
47 83
127
52
47 81
49 92
125
51
49 82
56 84
124
50
0 83
2 86
126
52
2 83
5 85
123
49
5 83
7 85
122
49
25 92
57 94
121
49
7 83
9 85
120
49
25 94
39 97
119
48
57 83
59 85
118
47
2 85
7 87
117
47
0 87
4 89
115
47
7 85
9 87
116
47
57 85
59 87
114
47
4 87
9 90
110
46
39 94
62 96
112
46
0 89
2 91
111
46
2 89
4 91
113
46
0 91
6 93
109
45
6 90
9 93
108
45
39 96
59 98
106
43
0 93
3 95
107
44
25 98
45 100
104
43
0 95
8 100
102
43
59 96
61 98
105
43
45 98
47 100
103
43
47 98
51 101
100
42
0 104
51 107
97
41
51 98
54 101
99
41
54 98
57 119
92
41
57 98
62 126
94
41
0 107
22 113
93
41
51 101
54 104
96
41
51 104
53 106
98
41
22 107
34 110
95
41
34 107
47 140
91
40
51 106
53 110
90
40
47 107
49 109
89
39
47 109
50 114
88
38
22 110
24 112
87
37
24 110
29 112
86
36
29 110
32 112
85
36
0 140
54 173
82
35
54 119
56 121
83
35
54 121
56 124
84
35
0 173
16 176
80
34
54 126
59 138
79
34
59 126
62 188
78
34
54 138
56 140
81
34
56 138
59 141
74
33
54 140
56 143
77
33
56 141
58 144
75
33
54 143
56 145
76
33
56 144
58 146
73
32
54 145
56 148
72
31
56 146
58 150
71
30
54 150
57 153
70
30
57 150
59 152
69
29
16 173
50 175
68
28
54 153
59 155
65
28
16 175
47 203
62
27
54 155
57 157
67
28
50 173
57 175
64
28
57 155
59 157
66
28
47 175
55 178
63
27
57 157
59 159
61
27
0 203
60 228
58
26
60 188
62 191
59
26
60 191
62 193
57
26
60 193
62 195
60
26
0 228
17 234
55
25
60 195
62 197
56
25
60 197
62 199
54
24
17 228
20 231
53
24
60 199
62 201
52
23
20 228
62 231
51
22
17 231
20 233
50
21
20 231
22 233
44
17
22 231
24 233
49
20
24 231
26 233
48
19
26 231
40 234
47
18
0 234
27 236
45
17
40 231
45 244
43
16
45 231
49 235
42
15
49 231
51 236
41
15
51 231
54 241
46
17
54 231
56 233
40
15
56 231
58 233
39
15
58 231
60 233
38
15
54 233
58 235
36
14
58 233
61 235
37
14
27 234
40 236
35
13
45 235
47 237
33
12
0 236
19 244
30
11
19 236
38 238
32
11
47 235
49 238
31
11
54 235
57 247
26
9
57 235
60 247
7
3
19 238
25 244
29
11
60 235
62 237
21
9
38 236
40 239
28
10
25 238
30 240
27
9
49 236
51 238
34
12
30 238
35 247
15
6
45 237
47 240
24
9
60 237
62 240
25
9
47 238
51 240
18
8
35 238
37 240
23
9
0 244
13 247
16
6
37 239
39 241
20
8
25 240
27 242
22
9
27 240
30 243
19
8
35 240
37 242
17
7
45 241
53 244
10
5
37 241
40 243
13
6
60 240
62 242
14
6
25 242
27 244
9
5
13 244
29 248
6
3
35 242
37 244
11
5
60 242
62 245
12
5
37 243
40 245
8
4
35 244
37 246
3
2
40 244
42 246
4
3
42 244
48 247
5
3
48 244
52 246
0
1
52 244
54 247
1
2
37 245
39 248
2
2
