70
0 0
25 2
299
120
25 0
27 3
297
120
27 0
30 2
296
120
30 0
32 2
298
120
32 0
34 2
295
120
34 0
36 3
294
119
36 0
38 3
293
119
38 0
41 3
292
118
41 0
43 3
291
117
43 0
53 3
289
116
53 0
55 5
290
116
0 2
24 4
287
115
55 0
61 2
286
115
61 0
63 3
288
115
24 3
37 20
281
114
63 0
66 3
282
114
66 0
69 3
279
114
55 2
58 5
285
114
37 3
41 5
280
114
58 2
60 5
283
114
41 3
44 5
284
114
44 3
46 6
278
113
37 6
67 10
277
112
67 3
69 5
276
112
0 20
63 23
272
111
67 5
70 8
274
111
67 8
70 10
273
111
63 10
66 12
275
111
0 23
70 28
271
110
0 28
3 31
264
108
3 28
13 39
266
109
13 28
16 45
267
109
16 28
20 34
269
109
20 28
22 36
268
109
22 28
25 31
262
108
25 28
28 31
263
108
28 28
31 30
270
110
31 28
33 30
265
108
33 28
57 35
258
107
22 35
43 38
261
107
57 28
60 31
259
107
60 28
62 30
260
107
62 28
64 30
257
107
64 28
66 30
256
106
66 28
68 31
254
105
68 28
70 31
253
105
60 30
62 32
255
105
62 30
64 32
252
105
64 31
68 34
251
104
43 35
64 37
250
103
0 31
3 34
249
103
68 31
70 34
248
103
0 34
3 36
247
103
43 37
55 51
243
102
16 34
19 50
246
102
55 37
63 40
244
102
64 34
66 37
245
102
66 34
69 36
242
102
63 37
69 54
238
101
0 36
3 45
240
101
19 36
21 43
239
101
21 38
24 42
236
101
24 38
27 40
241
101
27 38
30 40
237
101
0 50
38 53
234
100
38 38
43 55
235
100
55 40
58 43
233
99
58 40
60 43
232
99
60 40
62 43
231
99
55 43
58 48
229
98
58 43
61 45
230
98
43 51
58 68
228
97
61 43
63 66
227
97
58 45
61 48
226
96
58 48
60 51
225
96
58 51
60 54
224
96
0 53
4 56
223
95
4 53
10 55
222
95
10 53
13 55
221
94
13 53
16 55
220
93
16 53
19 55
218
93
19 53
21 55
219
93
21 53
28 55
216
92
28 53
30 57
217
92
30 53
36 69
215
91
36 68
67 85
209
90
4 55
19 61
210
90
0 61
18 63
212
90
67 54
69 57
211
90
19 55
21 57
214
90
21 55
23 57
213
90
0 63
14 80
208
89
19 57
25 66
206
89
25 57
30 62
207
89
67 57
70 59
205
88
14 66
22 68
204
87
67 59
69 62
202
87
25 62
28 64
201
87
28 62
30 64
203
87
0 80
27 84
198
86
0 84
17 87
196
86
27 69
33 71
199
86
67 62
69 67
197
86
67 67
69 69
200
86
17 84
29 88
193
85
33 69
35 83
194
85
29 83
36 86
195
85
67 69
70 71
192
85
36 85
46 106
191
84
46 85
61 91
190
84
67 71
69 74
189
83
67 74
69 76
188
83
0 87
12 89
187
82
67 76
69 79
186
82
67 79
70 89
183
81
61 85
64 87
185
81
64 85
66 88
184
81
12 88
28 90
182
80
29 86
31 92
181
80
31 86
34 89
180
80
34 86
36 89
179
80
61 87
64 91
178
79
64 88
67 91
177
79
0 89
3 91
176
78
3 89
7 105
175
77
7 90
26 95
174
76
31 89
34 92
173
76
34 89
36 92
172
76
67 89
70 109
169
75
46 91
50 97
171
75
26 90
28 92
170
75
50 91
54 93
168
74
0 91
3 94
164
73
54 91
57 93
166
73
57 91
59 93
167
73
59 91
61 93
165
73
61 91
63 93
163
73
26 92
36 96
160
72
50 93
60 97
161
72
63 91
66 93
159
72
60 93
62 95
162
72
62 93
65 96
158
71
65 93
67 96
157
71
7 95
15 111
156
70
15 95
23 98
155
69
46 97
60 114
154
68
23 96
28 100
153
68
0 94
2 97
152
67
28 96
32 104
150
66
32 96
35 101
151
66
15 104
34 123
149
65
34 106
42 110
148
64
60 95
62 98
147
64
34 114
60 120
144
63
60 109
69 114
145
63
0 105
5 110
146
63
0 110
3 113
143
63
3 111
10 114
142
62
34 120
57 122
140
61
10 111
12 113
141
61
10 113
14 116
138
60
0 113
3 115
139
60
3 114
6 120
136
59
6 114
9 118
137
59
60 114
62 117
133
59
62 114
64 117
132
59
64 114
66 117
135
59
66 114
68 116
134
59
0 120
11 124
131
58
68 114
70 116
130
58
11 116
15 129
128
57
66 116
68 118
129
57
68 116
70 118
127
57
0 129
70 136
125
56
0 136
2 146
123
56
2 136
5 141
124
56
5 136
7 139
126
56
7 136
37 141
122
55
37 136
56 159
120
54
56 136
58 139
121
54
58 136
60 139
119
53
60 136
62 139
116
52
62 136
64 138
118
52
64 136
66 138
117
52
56 139
66 141
115
51
2 141
17 143
114
50
66 136
69 138
113
49
0 159
48 161
111
48
66 138
70 149
112
48
56 141
59 143
110
48
59 141
61 143
109
47
61 141
63 143
108
47
63 141
65 143
107
46
56 143
58 146
106
45
0 161
70 165
103
44
0 165
2 168
104
44
2 165
4 168
105
44
4 165
6 172
102
43
6 165
8 170
101
42
8 165
11 168
100
42
11 165
32 174
96
41
32 165
37 181
97
41
37 165
39 170
98
41
39 165
41 167
99
41
41 165
46 176
94
40
46 165
48 167
95
40
48 165
50 167
93
40
50 165
57 168
92
39
57 165
60 168
90
39
60 165
63 167
91
39
60 167
70 169
89
38
46 168
55 170
88
38
0 168
3 171
86
38
8 168
11 170
87
38
39 167
41 170
85
37
55 168
57 171
84
37
57 168
59 180
83
36
59 169
62 172
82
35
62 169
64 171
81
35
46 170
53 173
77
34
64 169
67 173
80
34
6 170
11 172
79
34
67 169
70 172
78
34
37 170
39 172
76
34
0 174
32 184
75
33
37 180
69 186
71
33
32 181
35 185
73
33
35 181
37 187
72
33
0 184
2 188
74
33
2 184
4 187
70
33
4 184
7 187
69
32
7 184
9 187
67
32
9 184
12 186
68
32
12 184
27 186
66
31
27 184
29 187
65
30
9 186
16 188
63
29
29 184
31 187
64
29
16 186
21 189
62
28
31 185
33 188
61
28
37 186
45 189
60
27
33 185
35 190
58
27
21 186
23 188
59
27
23 186
26 190
57
26
45 186
48 188
56
25
48 186
50 197
50
24
50 186
53 191
53
24
53 186
56 188
55
24
56 186
58 189
54
24
58 186
61 188
52
24
61 186
63 189
51
24
0 189
20 192
46
23
63 186
68 190
47
23
26 187
29 190
48
23
29 188
33 190
49
23
35 189
39 191
43
22
45 188
48 190
44
22
68 186
70 188
45
22
53 188
56 191
42
21
21 188
23 192
41
21
58 188
60 201
37
20
39 189
42 197
40
20
23 190
28 192
38
20
68 188
70 190
39
20
42 189
45 219
31
19
60 190
68 192
33
19
28 190
33 193
30
19
45 190
48 193
32
19
56 189
58 192
34
19
33 190
35 192
36
19
68 190
70 192
35
19
0 192
9 203
29
18
35 191
38 196
28
18
50 191
54 202
27
17
9 192
13 195
25
17
13 192
17 194
26
17
54 191
56 194
24
16
17 192
19 197
23
15
19 192
24 196
21
14
24 192
26 194
22
14
60 192
63 195
20
13
24 194
35 198
19
12
63 192
66 194
18
12
9 198
32 204
15
11
45 202
63 204
16
11
66 192
68 195
17
11
63 194
66 196
14
10
66 195
69 197
13
9
35 196
38 208
12
8
63 197
68 213
10
7
38 197
41 200
11
7
0 204
27 206
8
6
45 204
54 207
7
6
68 197
70 201
9
6
32 198
35 201
6
5
38 200
41 203
5
4
0 206
10 208
4
3
32 201
35 203
3
3
32 203
35 206
2
2
38 203
41 205
1
1
68 201
70 204
0
1
