125
0 0
3 18
495
200
3 0
8 3
497
200
8 0
12 3
499
200
12 0
15 4
498
200
15 0
18 3
496
200
18 0
27 3
494
199
27 0
30 5
493
199
30 0
51 3
487
198
51 0
55 10
492
198
55 0
59 7
488
198
59 0
62 5
489
198
62 0
65 3
491
198
65 0
68 3
486
198
68 0
71 3
490
198
71 0
74 5
485
197
74 0
79 3
482
196
79 0
82 4
484
196
82 0
85 4
480
196
85 0
88 4
483
196
88 0
91 3
481
196
91 0
96 5
478
195
96 0
99 4
479
195
99 0
103 4
475
194
103 0
108 3
476
194
108 0
113 3
474
193
113 0
116 6
471
192
116 0
119 5
472
192
119 0
122 5
477
194
122 0
125 4
473
192
3 3
6 6
470
192
6 3
10 8
469
191
15 3
18 6
468
191
18 3
27 21
467
190
30 3
33 15
466
190
33 3
36 8
465
190
36 3
39 7
464
190
39 3
42 9
463
189
42 3
45 29
460
188
45 3
50 8
458
188
62 3
65 8
462
188
65 3
68 7
459
188
68 3
71 6
461
188
74 3
77 8
457
187
88 3
91 47
455
186
103 3
106 8
456
186
106 3
111 6
454
185
10 4
15 9
450
184
77 4
80 10
451
184
80 4
85 7
452
184
96 4
100 32
449
183
91 5
96 9
447
183
116 5
120 10
446
183
85 4
88 7
448
183
100 4
103 8
445
182
120 5
124 10
443
181
27 5
30 8
444
181
45 10
76 13
442
180
3 6
6 9
441
179
100 8
112 11
440
178
15 6
18 9
439
178
112 6
115 10
453
184
80 7
85 10
435
177
6 8
10 11
436
177
36 7
39 10
438
177
85 7
88 10
437
177
10 9
15 13
434
176
91 9
96 14
430
175
27 8
30 11
433
175
33 8
36 11
432
175
3 9
6 14
428
174
15 9
18 13
427
174
39 9
42 12
429
174
45 13
79 25
423
173
100 11
117 14
424
173
36 10
39 13
426
173
79 10
82 13
425
173
82 10
85 43
422
172
85 10
88 14
421
172
117 10
120 18
419
171
120 10
125 13
431
175
6 11
10 27
397
162
27 11
30 14
420
171
33 11
36 14
418
171
45 25
78 43
416
170
39 12
42 15
417
170
10 13
13 18
414
169
13 13
17 16
415
169
120 13
124 17
404
165
36 13
39 16
413
168
91 14
96 23
412
167
100 14
105 18
410
166
105 14
109 18
409
166
79 13
82 17
408
166
3 14
6 17
411
166
27 14
30 24
405
165
109 14
113 17
407
165
33 14
36 17
406
165
100 18
115 41
403
164
85 14
88 18
402
164
30 15
33 19
401
164
13 16
18 19
398
163
39 15
42 18
399
163
36 16
39 21
396
162
10 21
21 70
394
161
30 21
41 24
393
161
120 17
124 20
395
161
3 17
6 20
392
161
115 18
119 23
390
160
79 17
82 20
391
160
115 23
125 148
388
159
0 20
5 25
389
159
21 21
26 24
387
159
91 23
96 26
385
158
85 18
88 21
386
158
21 24
25 33
384
157
25 24
40 32
383
156
0 25
5 35
382
155
79 20
82 41
381
154
85 21
88 25
379
154
85 25
88 28
380
154
91 26
94 29
378
154
25 32
32 35
377
153
21 35
40 47
376
152
5 27
10 30
375
152
85 28
88 31
370
151
40 29
43 35
374
151
91 29
94 34
373
151
5 30
9 33
372
151
85 31
88 35
371
151
91 34
98 49
369
150
5 33
10 38
368
149
0 35
3 38
367
148
40 35
43 38
366
148
85 35
88 38
365
147
0 38
5 49
364
146
5 38
10 89
361
145
98 41
105 45
360
145
40 38
43 41
359
145
85 38
88 41
358
145
40 41
43 44
362
145
78 41
81 62
354
144
105 41
110 51
357
144
110 41
115 44
353
144
43 43
57 46
400
164
85 41
88 44
356
144
57 43
60 46
355
144
60 43
63 72
349
143
63 43
67 57
352
143
67 43
72 49
348
143
72 43
77 48
347
143
81 44
86 48
350
143
98 45
104 50
346
142
110 44
115 49
345
142
40 44
43 65
342
141
43 46
47 49
343
141
47 46
51 49
341
140
51 46
54 49
340
140
54 46
57 50
363
146
57 46
60 50
344
141
21 47
24 51
351
143
24 47
32 105
339
139
32 47
37 55
336
138
37 47
40 55
338
138
86 47
89 51
337
138
72 48
77 52
335
137
43 49
52 72
334
136
81 48
86 52
332
136
0 49
4 54
331
136
67 49
70 54
333
136
89 49
92 85
329
135
92 49
95 52
330
135
95 49
98 52
327
135
110 49
113 52
328
135
98 51
107 56
326
134
52 50
55 55
325
134
55 50
58 53
324
134
32 72
81 75
323
133
21 51
24 62
321
132
86 51
89 54
322
132
107 51
110 54
320
131
81 52
84 55
319
130
92 52
95 66
318
129
110 52
115 60
317
128
95 56
107 59
314
128
0 54
4 60
316
128
84 54
88 58
315
128
107 54
110 57
313
128
81 58
85 61
312
127
95 59
103 65
309
126
107 57
110 65
310
126
85 58
88 64
311
126
103 59
106 63
308
125
0 60
4 63
307
124
110 60
113 77
306
123
81 61
84 64
305
122
0 63
5 81
302
121
81 64
89 71
303
121
95 65
100 69
304
121
103 63
107 66
301
121
21 62
24 67
300
120
32 75
86 94
298
119
92 69
110 72
299
119
10 70
14 145
297
118
21 67
24 77
295
117
14 70
18 73
296
117
92 72
97 75
294
116
97 72
101 75
293
116
18 70
21 73
292
116
86 71
89 99
290
115
101 72
105 77
291
115
105 72
108 76
289
115
92 75
100 79
288
114
14 73
18 77
287
114
105 76
110 79
286
114
18 73
21 85
284
113
14 77
17 81
283
113
21 77
24 80
285
113
92 79
109 82
282
112
110 77
114 84
281
112
21 80
24 86
280
112
0 81
4 87
278
111
14 81
18 84
279
111
92 82
98 98
277
110
98 82
103 87
276
110
103 82
106 87
274
110
106 82
109 85
275
110
14 84
17 97
272
109
109 84
113 88
273
109
17 85
20 94
271
108
0 87
5 90
270
108
20 86
24 112
267
107
98 87
104 94
268
107
89 85
92 88
269
107
32 94
44 98
265
106
106 85
109 97
263
106
89 88
92 95
264
106
109 88
112 93
266
106
44 94
80 127
262
105
5 89
10 93
261
105
112 88
115 93
260
105
0 90
5 95
258
104
5 93
8 96
259
104
109 93
112 96
257
103
112 93
115 100
255
102
17 94
20 97
256
102
80 99
110 103
254
101
0 95
5 98
252
101
5 96
9 99
253
101
14 97
17 100
251
100
17 97
20 102
250
99
0 98
4 101
249
99
32 98
37 114
248
98
37 98
40 114
244
97
40 98
44 103
247
97
4 99
7 104
243
97
7 99
10 102
246
97
14 100
17 103
245
97
80 103
88 201
242
96
110 100
114 124
241
96
0 101
3 104
240
96
14 103
19 106
238
95
7 102
10 105
239
95
40 103
44 107
235
94
88 103
91 107
236
94
91 103
94 106
237
94
94 103
97 106
234
93
97 103
100 106
233
93
91 106
102 109
230
92
102 103
105 107
232
92
105 103
108 106
231
92
0 104
4 109
227
91
4 105
9 108
226
91
24 105
28 108
229
91
28 105
31 108
228
91
14 106
17 118
222
90
105 106
109 111
224
90
40 107
44 112
223
90
17 106
20 111
225
90
4 108
8 111
220
90
88 107
91 110
221
90
24 108
29 111
219
89
0 109
4 120
217
88
91 109
95 112
218
88
95 111
107 114
215
87
29 108
32 118
216
87
4 111
9 115
213
86
24 111
28 114
214
86
88 114
106 139
209
85
14 118
42 123
211
85
107 111
110 118
210
85
4 115
7 120
208
85
7 115
10 119
212
85
106 118
109 121
207
85
7 119
10 123
206
84
0 120
3 123
205
84
3 120
6 125
204
83
106 121
109 142
202
82
6 123
10 126
203
82
0 123
3 127
201
82
14 123
19 130
198
81
19 123
23 128
200
81
23 123
26 126
199
81
23 127
77 140
195
80
109 124
112 128
197
80
112 124
115 127
196
80
3 126
7 130
193
79
7 126
10 129
194
79
0 127
3 195
192
78
109 128
114 131
190
78
77 127
80 131
191
78
19 128
23 141
188
77
3 130
8 136
189
77
14 130
17 139
187
77
109 131
114 135
186
77
77 131
80 134
185
76
88 139
106 148
184
75
77 134
80 139
183
75
109 135
114 139
181
74
3 136
6 139
182
74
23 140
32 148
179
73
3 139
8 142
180
73
14 139
18 144
178
72
77 139
80 142
177
71
109 139
112 144
174
70
112 139
115 143
175
70
32 140
35 143
176
70
35 140
55 144
172
69
55 140
59 145
173
69
59 140
64 144
171
69
64 140
67 144
170
68
67 140
70 143
169
68
32 145
72 155
168
67
72 140
75 144
167
67
18 141
21 144
166
67
3 142
6 145
165
66
6 142
9 147
162
65
75 142
79 145
163
65
106 142
109 145
164
65
88 148
124 175
160
64
14 144
20 179
161
64
9 145
14 165
159
64
20 144
23 151
156
64
72 144
75 149
158
64
3 145
6 148
157
64
75 145
80 150
153
63
6 147
9 154
155
63
3 148
6 153
154
63
23 148
28 166
138
54
28 148
31 151
152
62
72 150
77 244
150
61
28 151
32 156
147
58
77 150
80 153
148
59
20 151
23 157
149
60
3 154
7 164
146
57
77 153
80 156
145
57
32 155
35 158
144
56
35 155
42 175
143
55
42 155
46 161
142
55
46 155
49 159
141
55
49 155
52 159
140
55
52 155
55 159
139
55
55 155
60 159
151
62
60 155
63 162
137
54
46 159
60 164
136
53
63 155
69 167
135
52
42 164
57 168
134
52
28 156
32 161
132
52
69 155
72 160
133
52
28 161
33 164
129
52
77 156
80 160
130
52
20 157
23 160
131
52
28 164
35 167
124
51
20 160
23 165
126
51
3 164
7 167
127
51
69 160
72 163
128
51
77 160
80 185
123
50
57 164
62 167
122
50
7 165
13 263
121
49
20 166
25 186
119
49
69 163
72 166
120
49
25 166
28 169
118
49
69 166
72 169
117
48
28 167
33 174
116
47
3 167
6 171
114
46
57 167
60 170
115
46
60 167
63 171
113
45
63 167
68 201
110
44
42 168
47 171
111
44
47 170
59 189
109
43
25 169
28 176
107
42
68 169
71 173
108
42
3 171
6 174
106
41
42 171
46 176
105
40
59 171
62 206
104
39
28 174
33 185
103
39
68 173
71 176
102
39
88 175
98 202
100
38
3 174
6 225
101
38
33 175
36 179
125
51
36 175
40 179
112
44
98 175
103 188
98
38
103 175
106 187
99
38
106 175
111 179
97
38
111 175
115 179
96
38
115 175
120 181
95
37
120 175
125 180
94
37
40 176
45 180
92
36
25 176
28 179
93
36
68 176
71 179
91
36
13 179
18 184
89
35
33 179
37 184
90
35
25 179
28 182
88
35
68 179
72 187
85
34
37 179
40 189
87
34
106 179
109 186
86
34
109 179
113 182
84
33
40 180
44 185
83
32
120 180
124 190
81
31
109 182
118 185
82
31
13 184
18 189
80
31
33 184
37 194
79
30
44 180
47 184
78
29
109 185
118 190
74
28
25 185
29 190
77
28
40 185
45 188
76
28
29 185
32 190
75
28
18 186
22 189
73
28
37 189
55 194
72
27
103 187
108 190
71
26
77 185
80 189
70
26
13 194
44 199
68
25
68 187
72 203
69
25
98 188
101 201
63
24
55 189
58 194
66
24
101 190
105 193
64
24
77 189
80 192
65
24
105 190
121 198
61
23
121 190
124 196
62
23
44 194
49 198
58
22
77 192
80 197
59
22
101 193
104 198
57
22
49 194
52 198
60
22
52 194
55 199
56
21
55 194
58 197
55
21
101 198
115 225
53
20
0 195
3 218
54
20
121 196
124 199
52
20
13 199
25 230
51
19
25 199
47 209
50
19
55 197
59 200
49
19
77 197
80 202
48
18
47 199
55 202
47
17
77 202
101 206
46
16
115 198
118 202
45
15
118 198
121 201
44
14
121 199
124 203
43
13
55 200
58 203
42
13
47 202
54 208
40
12
62 201
65 205
41
12
65 201
68 206
67
25
118 201
121 204
39
11
77 206
99 211
37
10
115 202
118 209
38
10
54 203
57 208
36
10
118 204
124 212
35
9
25 209
56 270
31
8
77 225
120 236
30
8
77 236
95 260
32
8
57 206
66 209
33
8
68 203
72 206
34
8
66 206
69 209
29
8
56 209
66 234
25
7
66 209
71 212
21
7
66 212
69 216
28
7
69 212
72 216
24
7
120 212
123 216
23
7
66 216
69 219
26
7
13 230
22 264
19
6
69 216
72 219
27
7
120 216
125 221
22
7
56 234
68 239
17
6
0 218
3 225
18
6
68 219
71 223
20
6
95 236
107 269
14
5
120 221
124 232
16
5
0 225
5 228
15
5
68 223
71 227
13
4
107 236
125 261
11
3
0 228
7 261
7
3
68 227
71 237
12
3
68 237
72 241
8
3
22 230
25 234
10
3
22 234
25 237
9
3
56 239
66 256
6
2
66 241
71 264
4
2
22 237
25 241
5
2
56 256
66 266
0
1
71 244
75 248
3
1
22 241
25 246
1
1
22 246
25 249
2
1
