72
0 0
7 24
39
16
7 0
16 5
35
16
16 0
21 8
38
16
21 0
26 7
36
16
26 0
30 4
37
16
30 0
41 7
34
15
41 0
48 7
32
15
48 0
57 33
28
14
57 0
62 4
31
15
62 0
67 4
33
15
21 7
41 14
27
14
7 14
36 18
30
14
57 4
67 11
26
14
67 0
71 4
29
14
67 4
71 8
25
14
41 7
45 14
24
13
67 8
72 12
23
13
57 11
66 15
22
12
7 18
39 22
19
11
39 14
48 21
21
11
57 15
64 22
20
11
0 33
61 71
18
10
0 71
32 102
17
9
64 15
72 36
16
8
61 36
66 43
15
8
66 36
71 108
5
5
32 71
40 81
9
6
61 43
66 55
12
6
61 55
65 63
13
6
40 71
47 75
8
6
61 63
66 67
11
6
61 67
65 71
10
6
47 71
52 76
14
7
52 71
61 105
7
5
61 71
66 75
6
5
40 75
45 79
4
5
61 75
66 127
3
4
40 79
49 94
2
3
32 81
37 93
1
2
32 93
36 97
0
1
