74
0 0
25 10
48
20
25 0
45 6
49
20
0 10
74 18
45
19
0 18
11 28
46
19
11 18
64 25
47
19
11 25
31 39
43
18
64 18
72 24
44
18
31 25
45 31
42
17
64 24
71 30
41
16
31 31
67 37
39
15
0 28
6 34
40
15
31 37
58 56
35
14
0 39
18 45
37
14
67 30
73 40
36
14
58 37
65 43
38
14
0 45
27 51
31
12
65 40
72 46
33
13
58 46
73 52
34
13
0 51
8 61
30
12
8 51
17 58
32
12
17 51
31 59
29
11
58 52
68 62
25
10
31 56
42 62
26
10
68 52
74 62
24
10
42 56
50 62
28
10
50 56
57 62
27
10
0 61
31 71
21
9
31 62
56 72
22
9
0 71
26 79
23
9
26 72
52 78
20
9
56 62
67 72
19
9
67 62
73 72
18
8
26 78
74 85
14
7
0 79
23 85
15
7
0 85
10 92
13
6
10 85
20 91
17
7
20 85
40 91
16
7
10 91
74 125
11
5
0 92
8 102
12
5
0 125
46 135
8
4
0 135
74 141
6
4
0 141
16 163
10
4
16 141
55 147
7
4
55 141
65 147
9
4
16 147
63 154
4
3
65 141
71 149
3
3
63 149
69 156
5
3
16 154
32 160
2
2
32 154
41 160
1
2
41 154
48 164
0
1
