50
0 0
35 12
59
24
35 0
39 12
57
23
39 0
44 5
58
23
0 12
26 42
53
22
44 0
49 8
55
22
39 5
44 10
54
22
44 8
47 13
56
22
39 10
43 25
52
21
47 8
50 14
49
20
0 42
50 46
50
20
0 46
35 59
51
20
35 46
40 70
47
19
0 59
16 65
46
19
40 46
43 65
48
19
43 46
48 51
44
19
43 51
46 56
45
19
46 51
50 65
42
18
16 59
20 64
43
18
20 59
27 64
41
17
43 56
46 60
40
16
27 59
32 80
39
15
0 65
12 71
36
15
32 59
35 67
38
15
43 60
46 65
35
15
16 64
19 67
37
15
19 64
23 69
34
14
23 64
26 69
33
14
12 69
26 93
31
13
40 65
49 69
30
13
32 67
35 70
32
13
40 69
44 72
29
12
44 69
50 94
26
11
32 70
39 91
28
11
0 71
5 76
27
11
5 71
9 92
21
10
39 72
43 79
25
10
0 76
5 79
23
10
0 79
5 82
22
10
9 71
12 74
24
10
26 91
34 94
17
9
39 79
44 83
16
9
0 82
4 85
18
9
39 83
43 86
20
9
9 74
12 78
15
9
0 85
4 88
19
9
0 93
24 123
14
8
39 86
44 91
13
7
34 91
39 94
12
6
39 91
44 96
11
5
24 94
27 99
9
5
27 94
31 97
10
5
0 123
50 126
8
4
0 126
7 131
7
4
7 126
12 130
6
4
0 131
50 134
5
3
0 134
5 137
4
3
5 134
8 137
3
3
8 134
12 139
2
2
12 134
15 137
1
2
15 134
20 142
0
1
