82
0 0
37 22
60
25
37 0
45 2
66
27
45 0
48 4
61
25
48 0
61 2
67
27
61 0
64 2
69
28
64 0
77 7
65
27
77 0
80 2
62
26
37 2
40 16
63
26
80 0
82 2
54
23
0 22
46 34
57
24
48 2
51 7
68
27
51 2
54 8
59
25
54 2
57 4
64
27
54 7
77 45
58
24
77 2
79 6
56
23
79 2
81 4
55
23
46 8
52 10
53
23
46 10
52 92
48
21
79 4
81 6
50
22
77 6
80 8
51
22
80 6
82 8
49
21
77 8
80 46
45
20
0 34
7 70
46
20
7 34
30 36
52
22
7 36
31 38
47
20
31 34
43 41
44
19
43 34
46 56
37
18
7 38
10 60
34
17
10 38
13 78
42
19
13 38
24 76
43
19
52 45
74 47
39
18
24 38
27 42
35
17
52 47
80 69
38
18
27 38
30 42
40
18
30 41
33 43
32
17
33 41
36 45
41
19
80 8
82 10
33
17
24 45
43 104
36
17
80 10
82 12
31
16
43 56
46 108
22
11
52 69
60 71
30
15
80 12
82 14
28
14
80 14
82 16
26
13
60 69
64 71
27
13
52 71
71 94
20
11
7 60
10 62
23
12
80 16
82 18
25
12
71 69
80 81
16
10
0 70
4 103
24
12
80 18
82 20
13
8
13 76
24 78
29
15
7 62
10 102
15
10
46 94
71 99
18
10
80 20
82 22
12
7
10 78
19 100
19
10
4 70
7 107
14
9
19 78
22 80
21
11
80 22
82 24
8
6
19 80
24 82
17
10
46 99
64 103
6
4
71 81
74 83
3
3
74 81
77 101
9
6
80 24
82 106
7
5
77 81
79 83
5
4
64 99
71 106
11
7
19 82
22 97
4
4
22 82
24 86
0
1
71 83
74 85
1
1
10 100
17 102
10
7
46 103
64 105
2
2
