50
0 0
3 22
75
31
3 0
7 3
77
32
7 0
11 3
79
32
11 0
21 6
78
32
21 0
41 5
76
31
3 6
37 17
72
30
41 0
50 24
73
30
37 5
41 9
71
30
37 9
40 14
74
30
3 17
8 28
70
29
37 14
41 19
69
29
8 17
12 21
68
29
12 17
15 20
65
28
15 17
25 23
67
28
25 17
30 37
66
28
30 17
33 21
64
27
0 28
23 63
63
26
30 24
48 28
62
25
30 28
37 31
61
25
23 37
46 41
60
24
23 41
35 45
59
23
35 41
46 49
58
22
46 28
50 31
57
22
23 45
32 48
56
21
0 63
40 76
53
20
40 49
45 65
55
20
0 76
12 82
54
20
46 31
49 35
52
20
40 65
47 115
51
19
12 76
21 87
47
18
21 76
26 84
49
18
47 35
50 42
50
18
47 42
50 47
48
18
47 47
50 62
46
17
26 76
30 105
43
16
0 87
17 93
41
16
30 76
34 97
44
16
34 76
38 80
45
16
34 80
38 84
42
16
0 93
20 97
39
15
21 84
25 89
40
15
34 84
38 89
38
15
0 97
8 103
36
14
47 62
50 76
37
14
20 89
24 94
35
14
0 103
23 137
32
13
30 97
37 132
33
13
37 115
48 123
34
13
23 132
39 137
28
12
39 123
42 128
30
12
42 123
45 127
31
12
45 123
48 126
29
12
0 137
37 152
27
11
45 126
49 130
26
11
39 128
43 135
22
10
0 152
16 157
23
10
39 135
49 138
25
10
37 138
49 148
24
10
37 148
50 191
21
9
16 152
23 158
20
9
23 152
31 172
18
8
31 152
34 164
19
8
0 172
37 175
15
7
0 175
4 180
14
7
4 175
7 180
17
7
7 175
10 178
16
7
10 175
30 178
13
6
30 175
34 178
12
6
7 178
30 182
10
5
0 182
11 201
11
5
30 178
34 213
7
3
11 182
15 210
9
4
34 175
37 184
6
3
15 182
18 187
5
3
18 182
21 186
8
3
21 182
24 192
4
2
34 191
42 201
2
1
24 182
27 193
0
1
42 191
49 195
3
1
27 182
30 186
1
1
