54
0 0
4 15
97
39
4 0
9 3
96
39
9 0
13 5
89
36
13 0
17 5
86
35
17 0
20 5
88
36
20 0
27 3
94
38
27 0
30 5
98
39
30 0
34 3
82
35
34 0
37 8
95
38
37 0
41 3
99
40
41 0
44 3
91
37
44 0
48 5
93
38
4 5
32 10
84
35
48 0
51 5
92
38
37 3
42 6
90
37
4 10
48 45
78
34
48 5
53 8
81
35
48 8
52 11
85
35
48 11
51 15
83
35
51 11
54 15
87
35
0 15
4 43
79
34
48 15
51 20
80
34
48 20
52 24
76
33
48 24
51 28
77
33
48 28
52 31
75
32
48 31
51 41
68
27
0 45
19 62
70
29
51 31
54 36
71
30
19 45
28 50
72
30
51 36
54 40
73
30
48 41
54 95
67
27
28 45
31 50
62
26
31 45
34 48
69
28
34 45
37 58
66
27
37 45
40 49
74
31
40 45
44 49
65
27
44 45
47 50
64
27
19 58
41 62
63
26
41 49
44 53
61
26
44 50
48 53
60
26
0 62
47 66
57
25
0 66
15 116
59
25
15 66
19 98
58
25
19 66
25 71
55
23
25 66
28 69
56
24
28 66
32 71
54
23
19 71
43 75
51
22
19 75
38 81
50
22
38 75
48 80
52
22
38 80
41 134
53
22
19 81
35 86
49
21
41 80
48 83
48
21
41 83
45 86
47
21
19 86
24 89
46
20
24 86
29 91
45
20
29 86
38 91
44
19
41 86
45 89
43
19
19 91
27 98
42
18
41 89
45 93
40
17
27 91
35 95
38
15
27 95
35 98
35
14
45 83
48 86
36
15
45 86
48 121
37
15
35 91
38 94
39
16
15 98
27 125
41
17
41 93
45 97
32
14
48 95
52 100
34
14
35 94
38 97
33
14
27 98
37 101
31
13
41 97
45 100
30
13
41 100
44 108
25
11
48 100
51 105
28
12
27 101
37 106
27
12
51 100
54 120
21
10
27 106
32 109
23
11
48 105
51 110
20
10
0 116
12 139
29
13
32 106
35 109
22
11
41 108
45 117
18
8
27 109
31 114
19
9
35 106
38 109
24
11
31 109
34 123
26
11
12 125
30 129
17
7
34 109
38 113
16
7
48 110
51 113
14
6
34 113
37 119
15
6
48 113
51 153
10
4
12 134
40 141
13
6
41 121
46 124
12
5
41 124
45 133
11
4
41 133
46 138
9
4
40 138
44 141
8
3
0 141
47 148
4
3
51 120
54 159
2
2
0 148
3 151
6
3
3 148
6 151
1
2
6 148
17 151
5
3
17 148
45 159
7
3
0 151
9 155
3
2
45 148
48 152
0
1
