374
0 0
362 374
46
10
0 374
332 612
49
10
0 612
284 896
48
10
0 896
360 1121
47
10
0 1121
222 1320
45
10
0 1320
217 1467
44
10
0 1467
260 1816
38
9
0 1816
254 1980
43
9
0 1980
237 2159
39
9
0 2159
243 2415
37
9
0 2415
213 2550
41
9
0 2550
187 2820
40
9
213 2415
368 2759
42
9
0 2820
277 3062
33
8
0 3062
200 3236
35
8
200 3062
347 3196
34
8
0 3236
226 3486
28
7
226 3196
357 3340
36
8
0 3486
346 3833
31
7
0 3833
315 4045
24
7
0 4045
296 4172
26
7
0 4172
263 4474
27
7
0 4474
262 4702
32
7
0 4702
184 4857
30
7
184 4702
343 5016
25
7
0 4857
137 5185
29
7
137 5016
374 5338
21
6
0 5338
278 5557
20
6
0 5557
281 5865
22
6
0 5865
155 6160
19
6
155 5865
301 6043
23
6
155 6043
365 6206
18
5
0 6206
261 6410
17
5
0 6410
344 6578
16
4
0 6578
270 6706
15
4
0 6706
261 6881
14
4
0 6881
210 7162
9
3
0 7162
362 7324
12
3
0 7324
325 7549
13
3
0 7549
245 7686
10
3
0 7686
198 7868
11
3
0 7868
321 8022
6
2
0 8022
213 8149
4
2
0 8149
208 8442
8
2
0 8442
182 8658
3
2
208 8149
373 8519
7
2
0 8658
264 9002
5
2
0 9002
313 9306
2
1
0 9306
233 9483
0
1
0 9483
299 9662
1
1
