374
0 0
365 374
28
6
0 374
315 676
27
6
0 676
244 1023
25
6
0 1023
193 1303
24
6
0 1303
284 1487
29
6
0 1487
168 1664
26
6
168 1487
373 1713
17
5
0 1664
129 1811
21
5
0 1811
348 2133
15
5
0 2133
270 2471
19
5
0 2471
348 2691
14
5
0 2691
268 2964
22
5
0 2964
247 3183
20
5
0 3183
250 3385
16
5
0 3385
350 3737
23
5
0 3737
364 4048
18
5
0 4048
315 4342
11
4
0 4342
146 4693
13
4
146 4342
367 4619
9
4
0 4693
264 4917
10
4
0 4917
171 5286
8
4
171 4917
357 5175
12
4
171 5175
362 5424
6
4
0 5424
212 5618
7
4
0 5618
255 5802
5
3
0 5802
285 6149
2
2
0 6149
224 6385
1
2
0 6385
206 6712
0
1
224 6149
353 6347
4
2
224 6347
369 6606
3
2
