186
0 0
143 84
26
6
0 84
136 180
24
6
0 180
133 326
22
6
0 326
142 418
25
6
0 418
112 530
23
6
0 530
84 676
28
6
112 418
183 489
27
6
84 530
170 619
29
6
84 619
182 704
17
5
0 704
169 777
20
5
0 777
155 887
19
5
0 887
139 1063
18
5
0 1063
86 1184
16
5
86 1063
185 1162
21
5
0 1184
152 1347
14
4
0 1347
133 1466
15
4
0 1466
118 1577
13
4
0 1577
102 1658
12
4
102 1577
182 1643
11
4
0 1658
160 1791
9
3
0 1791
107 1955
8
3
107 1791
180 1963
10
3
0 1955
86 2048
7
2
0 2048
129 2111
6
2
0 2111
106 2263
5
2
0 2263
184 2327
4
2
0 2327
135 2490
0
1
0 2490
169 2559
2
1
0 2559
146 2660
3
1
0 2660
186 2763
1
1
