1890
0 0
572 1890
31
6
572 0
1121 1882
28
6
1121 0
1693 1690
30
6
1121 1690
1585 2696
26
6
0 1890
572 2482
29
6
572 1882
1092 2087
27
6
572 2087
1121 3500
20
5
0 2482
572 3457
22
5
0 3500
970 3963
25
5
0 3963
949 4408
24
5
1121 2696
1676 3451
21
5
1121 3451
1731 4076
23
5
949 4076
1504 4735
16
4
0 4408
439 4524
19
5
0 4524
690 4971
18
4
690 4735
1243 5231
15
4
1243 4735
1810 5208
17
4
0 4971
572 6146
14
3
1243 5208
1783 5738
13
3
572 5231
950 5431
12
3
572 5431
1144 7021
11
2
1144 5738
1716 7313
10
2
0 6146
555 6642
9
2
0 6642
365 6827
8
2
0 6827
572 8317
5
1
572 7021
1144 8411
4
1
0 8411
949 8889
7
1
1144 7313
1804 7803
6
1
1144 7803
1664 8153
3
1
1144 8153
1569 8449
2
1
949 8449
1359 8614
0
1
1359 8449
1784 8597
1
1
