745
0 0
560 497
29
6
0 497
530 1135
27
6
0 1135
413 1429
24
6
0 1429
348 2021
26
6
413 1135
679 1476
25
6
348 1476
692 1777
19
5
348 1777
620 2154
21
5
0 2021
340 2317
28
6
0 2317
650 2649
22
5
0 2649
474 2934
23
5
0 2934
540 3208
20
5
0 3208
509 3597
18
4
0 3597
475 3959
17
4
0 3959
571 4548
15
3
0 4548
486 5182
12
3
0 5182
609 5557
11
3
0 5557
614 5846
10
3
0 5846
623 6152
13
3
0 6152
419 6655
16
3
0 6655
341 6991
14
3
419 6152
705 6858
8
2
0 6991
562 7430
9
2
0 7430
541 8175
0
1
0 8175
674 8671
7
1
0 8671
526 9378
3
1
0 9378
543 9766
1
1
0 9766
531 10245
6
1
0 10245
367 10946
2
1
367 10245
633 10959
5
1
0 10959
673 11390
4
1
