184
0 0
162 163
46
10
0 163
111 323
48
10
0 323
131 450
49
10
0 450
99 616
44
10
99 450
163 551
47
10
99 551
182 622
45
10
0 622
178 780
43
9
0 780
139 954
38
9
0 954
122 1137
40
9
0 1137
155 1264
41
9
0 1264
134 1387
42
9
0 1387
105 1528
39
9
0 1528
117 1701
35
8
0 1701
103 1793
36
8
0 1793
86 1958
33
8
103 1701
172 1767
32
8
86 1793
184 1949
37
8
86 1949
183 2055
34
8
0 1958
82 2020
31
7
0 2055
103 2194
26
6
0 2194
97 2319
27
6
0 2319
95 2422
28
6
0 2422
151 2484
30
6
0 2484
97 2569
29
6
97 2484
181 2552
25
5
0 2569
108 2746
24
5
0 2746
107 2856
22
5
0 2856
92 2942
23
5
92 2856
176 2929
20
5
0 2942
159 3064
21
5
0 3064
150 3228
17
4
0 3228
136 3375
18
4
0 3375
109 3503
13
4
0 3503
164 3587
19
4
0 3587
147 3679
16
4
0 3679
77 3800
14
4
77 3679
174 3748
15
4
0 3800
118 3911
11
3
0 3911
132 3978
12
3
0 3978
145 4119
10
2
0 4119
152 4240
6
2
0 4240
87 4418
5
2
87 4240
150 4411
8
2
0 4418
150 4486
7
2
0 4486
140 4556
9
2
0 4556
179 4731
1
1
0 4731
158 4915
3
1
0 4915
141 5059
4
1
0 5059
124 5197
2
1
0 5197
74 5285
0
1
