746
0 0
554 549
47
10
0 549
656 827
48
10
0 827
339 1232
49
10
0 1232
678 1646
45
9
0 1646
426 2225
43
9
0 2225
324 2737
44
9
0 2737
446 3064
46
9
0 3064
482 3704
37
8
0 3704
392 4195
40
8
0 4195
583 4616
41
8
0 4616
405 5251
39
8
0 5251
465 5841
42
8
465 4616
741 5276
38
8
0 5841
634 6437
33
7
0 6437
745 6859
29
7
0 6859
604 7378
35
7
0 7378
479 7984
34
7
0 7984
728 8343
31
7
0 8343
483 8875
32
7
0 8875
349 9441
28
7
0 9441
486 9761
30
7
0 9761
439 10042
36
7
0 10042
729 10765
27
6
0 10765
572 11430
24
6
0 11430
546 12020
26
6
0 12020
254 12705
25
6
0 12705
614 13290
23
5
0 13290
467 13969
22
5
0 13969
290 14574
21
5
290 13969
707 14269
20
5
290 14269
558 14621
19
5
0 14621
625 15189
18
4
0 15189
497 15885
17
4
0 15885
459 16413
15
4
459 15885
736 16311
16
4
0 16413
716 17053
12
3
0 17053
734 17669
13
3
0 17669
644 18134
11
3
0 18134
537 18489
14
3
0 18489
264 19083
10
3
264 18489
710 18922
8
2
264 18922
646 19245
9
2
0 19245
746 19841
6
1
0 19841
668 20347
1
1
0 20347
434 20969
0
1
434 20347
707 20873
7
1
0 20969
321 21489
3
1
0 21489
599 21758
5
1
0 21758
543 22048
4
1
0 22048
542 22448
2
1
