62
0 0
2 2
199
200
2 0
15 33
198
199
15 0
37 6
196
197
37 0
40 3
195
196
40 0
45 3
194
195
37 3
56 5
193
194
56 0
58 7
197
198
58 0
60 2
192
193
37 5
42 8
191
192
42 5
51 9
190
191
60 0
62 2
189
190
0 2
2 5
187
188
58 2
60 4
186
187
58 4
61 10
185
186
0 5
2 13
184
185
51 5
53 7
183
184
15 6
20 18
182
183
53 5
55 7
181
182
20 6
26 8
188
189
26 6
29 9
180
181
20 9
40 11
179
180
20 11
51 39
178
179
51 7
53 9
177
178
53 7
55 10
176
177
51 10
62 13
175
176
51 13
57 15
174
175
57 13
60 16
173
174
0 13
2 15
172
173
51 16
59 19
163
164
60 13
62 15
171
172
59 16
62 18
170
171
0 15
2 17
169
170
0 17
2 19
168
169
15 18
17 20
167
168
17 18
20 21
166
167
59 18
61 20
165
166
0 33
19 41
164
165
51 19
53 22
162
163
19 39
53 41
161
162
53 19
55 21
160
161
55 19
58 22
159
160
58 20
61 22
158
159
53 22
56 24
157
158
0 41
23 43
156
157
23 41
37 44
155
156
56 22
62 28
154
155
53 24
55 26
153
154
53 28
58 37
152
153
0 44
51 47
151
152
58 28
60 30
150
151
60 28
62 30
149
150
58 30
61 42
148
149
53 37
58 43
147
148
0 47
14 50
146
147
58 42
62 45
145
146
51 41
53 43
144
145
51 43
53 45
143
144
0 50
60 75
142
143
60 45
62 48
141
142
60 48
62 51
140
141
0 75
13 78
139
140
13 75
16 78
138
139
16 75
32 79
137
138
60 51
62 55
136
137
0 79
32 81
135
136
60 55
62 57
134
135
32 75
35 78
133
134
35 75
60 78
132
133
60 57
62 62
131
132
0 81
32 83
130
131
32 78
49 84
129
130
60 62
62 64
128
129
60 64
62 69
127
128
60 69
62 71
126
127
49 78
56 80
125
126
60 71
62 73
124
125
56 78
61 80
123
124
0 83
25 85
122
123
49 80
57 83
121
122
57 80
60 142
101
102
60 80
62 82
120
121
25 83
29 85
119
120
29 84
54 87
118
119
0 85
4 87
117
118
54 83
57 85
116
117
4 85
7 87
115
116
60 82
62 84
114
115
60 84
62 87
105
106
7 85
10 93
112
113
10 85
16 135
91
92
16 87
45 89
111
112
54 85
57 88
110
111
0 87
6 90
109
110
45 87
47 89
108
109
47 87
49 90
107
108
49 87
52 99
113
114
52 87
54 94
104
105
16 89
20 91
103
104
60 87
62 90
102
103
54 88
56 91
98
99
20 89
23 91
100
101
23 89
28 92
97
98
28 89
33 91
106
107
33 89
41 92
95
96
41 89
43 91
94
95
0 90
7 92
93
94
43 89
47 91
92
93
47 90
49 92
99
100
60 90
62 92
96
97
16 91
18 93
89
90
18 92
35 100
90
91
41 91
43 93
88
89
43 91
46 93
87
88
54 91
56 94
86
87
0 92
2 94
85
86
2 92
4 94
84
85
4 92
6 94
83
84
35 93
47 96
82
83
0 94
5 96
81
82
47 92
49 94
80
81
60 92
62 94
79
80
6 93
8 95
78
79
52 94
55 97
77
78
8 93
10 95
76
77
35 99
53 102
75
76
16 93
18 96
74
75
55 94
57 96
73
74
60 94
62 97
72
73
5 95
7 97
71
72
16 100
29 102
70
71
0 96
5 124
69
70
7 95
9 97
68
69
55 96
57 98
67
68
16 102
32 133
66
67
5 97
8 102
65
66
32 102
52 104
64
65
8 97
10 99
63
64
53 98
56 100
62
63
53 100
56 102
61
62
60 97
62 99
60
61
32 104
39 109
59
60
5 102
8 112
58
59
8 99
10 102
57
58
60 99
62 102
56
57
8 102
10 104
55
56
52 102
55 105
54
55
55 102
57 106
53
54
39 104
42 107
52
53
60 102
62 104
51
52
42 104
45 115
50
51
0 135
42 138
49
50
45 104
47 106
48
49
47 104
49 110
47
48
49 104
51 107
46
47
51 106
56 108
45
46
60 104
62 106
44
45
0 138
27 140
43
44
45 110
54 112
42
43
60 106
62 109
41
42
54 108
57 110
40
41
45 112
49 118
39
40
60 109
62 117
38
39
54 110
56 112
37
38
49 112
52 114
36
37
52 112
55 114
35
36
49 114
52 116
34
35
55 112
57 115
33
34
52 114
55 135
32
33
42 115
44 117
31
32
55 115
57 117
30
31
42 118
47 131
29
30
49 116
52 118
28
29
55 117
57 119
27
28
60 117
62 119
26
27
47 118
49 120
25
26
0 140
48 143
24
25
49 118
52 121
23
24
55 119
57 122
22
23
60 119
62 121
21
22
48 121
50 123
20
21
48 123
51 125
19
20
60 121
62 123
18
19
55 122
57 124
17
18
60 123
62 125
16
17
48 135
56 140
15
16
60 125
62 127
14
15
60 127
62 129
13
14
60 129
62 132
12
13
60 132
62 134
11
12
0 143
59 161
10
11
0 161
29 164
9
10
60 134
62 137
8
9
60 137
62 148
7
8
59 148
62 150
6
7
59 150
61 152
5
6
59 152
61 155
4
5
29 161
45 164
3
4
59 155
61 158
2
3
0 164
54 197
1
2
54 161
58 165
0
1
