70
0 0
12 14
299
300
12 0
14 3
298
299
14 0
16 3
297
298
16 0
20 2
296
297
20 0
23 4
295
296
23 0
38 2
294
295
38 0
50 4
293
294
50 0
52 3
292
293
52 0
54 2
291
292
54 0
56 4
290
291
56 0
61 2
289
290
61 0
64 2
288
289
64 0
67 3
287
288
67 0
69 2
286
287
12 4
29 7
285
286
12 7
60 9
284
285
12 9
33 18
283
284
60 2
62 4
282
283
67 2
70 4
281
282
60 4
67 7
280
281
67 4
69 6
279
280
0 18
70 25
278
279
0 25
6 41
277
278
6 25
9 27
276
277
9 25
12 28
275
276
12 25
14 27
274
275
14 25
17 31
273
274
17 25
27 27
272
273
27 25
29 28
271
272
29 25
32 27
270
271
32 25
35 27
269
270
35 25
55 28
268
269
55 25
58 28
267
268
58 25
60 27
266
267
60 25
63 27
265
266
63 25
65 28
264
265
65 25
68 28
263
264
68 25
70 27
262
263
17 28
44 32
261
262
6 27
9 29
260
261
12 27
14 33
259
260
44 28
59 34
258
259
59 27
62 29
257
258
14 32
28 49
256
257
28 34
46 36
255
256
68 27
70 29
254
255
59 29
70 33
253
254
6 29
10 31
252
253
10 28
12 31
251
252
6 31
8 33
250
251
8 31
11 34
249
250
11 33
14 35
248
249
6 33
8 38
247
248
59 33
62 36
246
247
62 33
64 35
245
246
46 34
56 55
244
245
64 33
67 35
243
244
28 36
43 38
242
243
67 33
69 35
241
242
8 35
13 51
240
241
56 34
58 37
239
240
62 35
69 37
238
239
58 36
62 38
237
238
13 49
45 55
236
237
56 37
58 39
235
236
62 37
69 40
234
235
56 40
64 43
233
234
6 38
8 41
232
233
0 55
16 57
231
232
64 40
66 42
230
231
16 55
37 58
229
230
66 40
70 51
228
229
64 42
66 50
227
228
37 55
56 60
226
227
56 43
60 49
225
226
60 43
62 46
224
225
60 46
64 62
223
224
56 49
59 52
222
223
0 62
70 66
221
222
0 66
2 68
220
221
2 66
4 69
219
220
4 66
6 77
218
219
6 66
9 68
217
218
9 66
12 69
216
217
12 66
14 68
215
216
14 66
35 68
214
215
35 66
38 70
213
214
38 66
49 70
212
213
49 66
51 69
211
212
51 66
53 69
210
211
53 66
56 69
209
210
56 66
58 68
208
209
6 70
36 74
207
208
58 66
60 69
206
207
60 66
63 68
205
206
63 66
66 69
204
205
66 66
68 76
203
204
68 66
70 79
202
203
60 68
63 71
201
202
36 70
59 72
200
201
0 69
3 72
199
200
59 71
63 79
198
199
63 69
65 72
197
198
0 79
63 82
196
197
0 82
10 86
195
196
63 72
66 74
194
195
63 74
65 77
193
194
10 82
20 84
192
193
20 82
34 99
191
192
63 77
68 80
190
191
63 80
66 82
189
190
34 82
57 88
188
189
68 79
70 82
187
188
57 82
67 93
186
187
34 93
58 100
185
186
67 82
70 85
184
185
10 84
18 87
183
184
18 84
20 87
182
183
67 85
70 87
181
182
0 86
3 89
180
181
3 86
6 89
179
180
6 86
9 90
178
179
9 87
12 89
177
178
12 87
14 89
176
177
14 87
16 89
175
176
16 87
18 92
174
175
67 87
70 99
173
174
0 89
3 91
172
173
18 87
20 92
171
172
3 89
5 91
170
171
9 89
12 94
169
170
12 89
14 92
168
169
5 90
8 94
167
168
0 91
3 96
166
167
14 89
16 92
165
166
3 91
5 94
164
165
12 92
15 95
163
164
15 92
17 94
162
163
0 100
70 105
161
162
0 105
4 108
160
161
4 105
6 107
159
160
6 105
8 109
158
159
8 105
13 109
157
158
13 105
15 108
156
157
15 105
18 108
155
156
18 105
23 109
154
155
23 105
25 108
153
154
25 105
27 109
152
153
27 105
30 113
151
152
30 105
32 108
150
151
32 105
34 108
149
150
34 105
42 107
148
149
42 105
44 108
147
148
44 105
46 108
146
147
46 105
52 122
145
146
52 105
57 109
144
145
57 105
67 107
143
144
67 105
69 108
142
143
34 107
40 116
141
142
4 107
6 110
140
141
57 107
63 109
139
140
63 107
66 116
138
139
13 108
18 119
137
138
0 108
3 125
136
137
30 108
34 110
135
136
40 108
43 110
134
135
43 108
46 124
133
134
66 108
69 110
132
133
18 113
33 119
131
132
6 109
10 112
130
131
10 109
12 114
129
130
52 116
67 133
128
129
3 112
9 114
127
128
40 110
43 112
126
127
67 110
70 140
125
126
3 119
41 122
124
125
3 122
28 124
123
124
28 122
35 124
122
123
35 122
43 125
121
122
3 124
29 130
120
121
46 122
49 125
119
120
49 122
52 124
118
119
29 124
31 130
117
118
31 124
33 126
116
117
43 124
46 127
115
116
49 124
52 126
114
115
31 126
43 128
113
114
46 126
50 139
103
104
0 125
2 132
111
112
43 127
46 132
110
111
31 128
34 130
109
110
2 130
21 149
108
109
50 126
52 128
107
108
34 128
36 131
106
107
36 128
38 131
105
106
38 128
41 133
104
105
21 130
24 134
112
113
41 128
43 130
102
103
50 128
52 131
101
102
24 130
27 133
100
101
27 131
37 135
99
100
41 130
43 132
98
99
50 131
52 133
97
98
0 132
2 146
96
97
41 132
44 135
95
96
44 132
46 134
94
95
50 133
60 136
93
94
24 133
26 145
92
93
37 133
39 135
91
92
39 133
41 135
90
91
60 133
63 135
89
90
63 133
66 135
88
89
21 134
23 136
87
88
44 134
46 136
86
87
26 135
28 139
85
86
28 135
30 158
84
85
30 135
38 139
83
84
38 135
40 137
82
83
40 135
42 138
81
82
60 135
63 137
80
81
42 135
44 137
79
80
63 135
65 138
78
79
21 136
24 140
77
78
50 136
55 152
76
77
55 136
60 141
75
76
42 137
45 147
74
75
60 137
63 140
73
74
30 139
35 144
72
73
65 135
67 138
71
72
38 138
41 140
70
71
63 138
65 141
69
70
35 139
38 142
68
69
55 141
61 143
67
68
45 139
48 142
66
67
61 141
68 144
65
66
26 139
28 142
64
65
48 139
50 142
63
64
21 140
23 142
62
63
38 140
40 145
61
62
40 140
42 143
60
61
68 140
70 142
59
60
21 142
23 145
58
59
35 142
38 145
57
58
45 142
48 147
56
57
55 144
63 146
55
56
30 144
35 147
54
55
63 144
67 147
53
54
67 144
70 164
52
53
26 142
28 144
51
52
30 147
49 170
50
51
26 144
28 146
49
50
21 145
25 147
48
49
0 149
24 151
47
48
25 146
27 153
46
47
55 147
64 150
45
46
55 150
63 166
44
45
0 151
9 162
43
44
64 147
66 150
42
43
63 150
65 153
41
42
9 151
12 154
40
41
12 151
17 168
39
40
17 151
24 154
38
39
49 152
52 154
37
38
52 152
55 154
36
37
65 150
67 153
35
36
24 153
26 155
34
35
63 153
66 156
33
34
26 153
28 156
32
33
9 154
11 157
31
32
0 168
27 170
30
31
49 154
52 157
29
30
52 154
54 157
28
29
63 156
65 159
27
28
65 156
67 159
26
27
49 157
51 159
25
26
0 170
32 180
24
25
51 157
55 163
23
24
49 163
54 165
22
23
63 159
67 162
21
22
63 162
66 165
20
21
49 166
62 183
19
20
66 164
68 169
18
19
32 170
41 172
17
18
68 164
70 166
16
17
63 165
66 167
15
16
62 167
65 169
14
15
62 169
65 172
13
14
65 169
69 180
12
13
0 180
30 185
11
12
41 170
44 172
10
11
30 183
61 200
9
10
62 172
64 174
8
9
62 174
64 177
7
8
62 177
65 179
6
7
62 179
65 181
5
6
65 180
68 182
4
5
62 181
65 184
3
4
65 182
68 185
2
3
0 185
18 187
1
2
18 185
27 190
0
1
