125
0 0
3 3
499
500
3 0
6 4
498
499
6 0
15 5
497
498
15 0
19 4
496
497
19 0
24 3
495
496
24 0
27 3
494
495
27 0
30 3
493
494
30 0
33 5
492
493
33 0
38 7
491
492
38 0
43 5
490
491
43 0
46 3
489
490
46 0
57 3
488
489
57 0
66 8
487
488
66 0
71 5
486
487
71 0
74 3
485
486
74 0
78 3
484
485
78 0
81 3
483
484
81 0
86 4
482
483
86 0
90 3
481
482
90 0
94 3
480
481
94 0
98 26
479
480
98 0
101 44
478
479
101 0
104 5
477
478
0 7
40 17
476
477
104 0
107 3
475
476
107 0
112 6
474
475
112 0
117 5
473
474
117 0
120 3
472
473
120 0
125 13
471
472
43 3
48 6
470
471
48 3
53 6
469
470
53 3
56 6
468
469
71 3
74 6
467
468
74 3
77 7
466
467
77 3
81 6
465
466
86 3
89 7
464
465
89 3
92 6
463
464
81 4
85 7
462
463
104 3
107 6
461
462
117 3
120 6
460
461
40 5
43 8
459
460
66 5
69 10
458
459
112 5
116 8
457
458
43 6
47 9
456
457
101 5
104 9
455
456
47 6
50 9
454
455
50 6
53 11
453
454
53 6
57 9
452
453
69 6
72 12
451
452
72 7
81 10
450
451
89 6
93 81
449
450
104 6
109 9
448
449
116 6
120 11
447
448
81 7
85 16
446
447
57 8
62 13
445
446
109 6
112 10
444
445
85 7
88 10
443
444
40 8
43 12
442
443
43 9
48 13
441
442
101 9
106 12
440
441
62 8
65 13
439
440
112 8
115 11
438
439
72 10
77 13
437
438
53 9
56 12
436
437
106 9
109 19
435
436
65 10
69 26
434
435
77 10
80 16
433
434
85 10
88 14
432
433
48 11
53 21
431
432
109 10
112 14
430
431
112 11
117 15
429
430
53 12
57 16
428
429
117 11
120 14
427
428
40 12
43 16
426
427
69 12
72 15
425
426
101 12
105 15
424
425
43 13
46 16
423
424
109 15
123 20
422
423
57 13
60 23
421
422
60 13
65 18
420
421
72 13
75 18
419
420
85 14
88 17
418
419
69 15
72 18
417
418
101 15
104 19
416
417
40 16
43 19
415
416
43 16
46 20
414
415
53 16
56 34
413
414
75 16
78 21
412
413
78 16
83 21
411
412
0 17
3 20
410
411
3 17
8 22
409
410
8 17
11 20
408
409
11 17
15 27
407
408
15 17
18 21
406
407
18 17
23 21
405
406
23 17
27 23
404
405
27 17
30 24
403
404
30 17
33 52
402
403
33 17
36 20
401
402
36 17
39 20
400
401
83 17
86 20
399
400
60 18
64 21
398
399
86 17
89 20
397
398
69 18
72 51
396
397
33 20
42 54
395
396
72 18
75 25
394
395
101 19
104 24
393
394
104 20
116 23
392
393
104 23
121 26
391
392
42 20
46 23
390
391
83 20
88 71
389
390
101 26
120 38
388
389
0 20
3 36
387
388
15 21
22 41
386
387
8 20
11 23
385
386
121 20
124 25
384
385
46 21
49 26
383
384
49 21
52 26
382
383
60 21
63 33
381
382
75 21
78 24
380
381
78 21
82 24
379
380
3 22
6 35
378
379
42 34
60 37
377
378
6 23
9 26
376
377
22 23
27 27
375
376
27 24
30 28
374
375
75 24
78 28
373
374
78 24
82 29
372
373
3 35
15 54
371
372
72 29
81 52
370
371
63 26
68 30
369
370
93 26
98 29
368
369
0 54
54 73
356
357
121 25
124 28
366
367
63 30
69 37
365
366
120 28
123 38
364
365
54 37
68 40
363
364
93 29
96 34
362
363
93 34
97 38
361
362
93 38
98 41
360
361
101 38
104 45
359
360
104 38
109 43
358
359
109 38
113 43
357
358
113 38
118 43
367
368
54 40
69 63
355
356
104 43
121 46
354
355
121 38
124 43
353
354
93 41
96 44
352
353
121 43
124 46
351
352
93 44
96 50
350
351
96 44
99 48
349
350
99 45
103 50
348
349
103 46
106 50
347
348
106 46
110 57
346
347
110 46
114 51
345
346
114 46
117 53
344
345
117 46
120 50
343
344
110 53
125 57
342
343
93 50
97 53
341
342
97 50
100 55
340
341
100 50
104 53
339
340
69 51
72 55
338
339
72 52
76 62
337
338
76 52
79 88
336
337
79 52
83 57
335
336
93 55
101 113
334
335
101 53
104 58
333
334
69 55
72 60
332
333
104 57
116 60
331
332
79 57
82 64
330
331
116 57
119 60
329
330
119 57
122 60
328
329
122 57
125 61
327
328
101 60
106 63
326
327
106 60
110 63
325
326
69 60
72 64
324
325
110 60
114 64
323
324
114 60
119 71
322
323
119 60
122 65
321
322
72 62
76 66
320
321
122 61
125 71
319
320
54 63
57 89
318
319
57 63
67 73
317
318
101 63
109 161
316
317
67 64
70 67
315
316
79 64
83 77
314
315
109 64
112 78
313
314
119 65
122 70
312
313
70 66
73 74
311
312
83 71
88 75
310
311
73 66
76 69
309
310
112 71
123 120
308
309
0 73
7 79
307
308
67 67
70 70
306
307
7 73
43 100
305
306
43 73
48 77
304
305
73 69
76 73
303
304
48 73
52 78
302
303
67 70
70 73
301
302
57 73
61 78
300
301
61 73
70 91
299
300
73 73
76 78
298
299
83 75
87 79
297
298
43 78
53 95
296
297
70 74
73 82
295
296
79 77
83 83
294
295
0 100
54 113
293
294
79 83
90 86
292
293
57 78
61 83
291
292
73 78
76 81
290
291
70 82
75 88
289
290
79 86
84 91
288
289
109 78
112 83
287
288
84 86
89 120
286
287
90 81
93 85
285
286
57 83
60 87
284
285
109 83
112 86
283
284
89 86
93 90
282
283
70 88
77 103
281
282
109 86
112 89
280
281
54 89
59 92
279
280
59 91
64 94
278
279
89 90
93 94
277
278
109 89
112 93
276
277
64 91
67 95
275
276
67 91
70 98
274
275
77 91
80 95
273
274
80 91
84 96
272
273
54 92
57 95
271
272
57 94
61 97
270
271
54 103
82 108
269
270
109 93
112 102
268
269
54 108
66 112
267
268
66 108
76 233
266
267
89 94
93 104
265
266
76 108
81 111
264
265
76 111
81 114
263
264
0 113
18 138
262
263
109 102
112 105
261
262
89 104
92 108
260
261
18 113
51 131
259
260
54 112
62 116
258
259
109 105
112 110
257
258
89 113
101 146
256
257
81 108
84 112
255
256
109 110
112 113
254
255
76 114
81 121
253
254
62 112
65 118
252
253
18 131
61 142
251
252
81 112
84 115
250
251
109 113
112 116
249
250
0 142
22 152
248
249
81 115
84 118
247
248
109 120
121 125
246
247
61 118
64 122
245
246
81 118
84 126
244
245
84 120
87 123
243
244
121 120
124 124
242
243
76 121
81 139
241
242
61 122
64 125
240
241
84 123
89 127
239
240
121 124
124 127
238
239
61 125
66 128
237
238
109 125
113 128
236
237
113 125
118 128
235
236
81 127
85 151
234
235
118 125
121 128
233
234
85 127
88 131
232
233
109 128
118 133
231
232
121 127
124 130
230
231
61 128
65 132
229
230
118 128
121 131
228
229
118 131
123 134
227
228
85 131
88 143
226
227
61 132
64 135
225
226
109 133
112 136
224
225
112 133
115 136
223
224
22 142
40 167
222
223
115 133
118 136
221
222
118 134
121 137
220
221
109 136
115 234
219
220
121 134
124 137
218
219
61 135
64 138
217
218
115 136
118 139
216
217
118 137
125 140
215
216
61 138
64 142
214
215
76 139
79 142
213
214
115 140
119 145
212
213
119 140
122 143
211
212
0 167
49 170
210
211
76 161
106 165
209
210
49 142
53 153
208
209
53 142
57 146
207
208
57 142
65 145
206
207
122 140
125 191
205
206
119 143
122 149
204
205
57 145
60 148
203
204
60 145
64 148
202
203
115 145
119 152
201
202
53 146
56 167
200
201
56 148
59 151
199
200
59 148
62 153
198
199
76 165
96 169
197
198
0 170
34 182
196
197
115 152
120 163
195
196
62 148
65 153
194
195
49 153
53 156
193
194
56 153
60 158
192
193
60 153
63 157
191
192
63 153
66 156
190
191
49 156
52 159
189
190
63 156
66 160
188
189
56 160
66 187
187
188
49 159
52 164
186
187
106 161
109 165
185
186
115 163
118 167
184
185
118 163
121 170
183
184
96 165
101 169
182
183
49 164
52 167
181
182
101 165
104 168
180
181
49 167
56 171
179
180
104 165
107 170
178
179
76 170
107 175
177
178
34 171
52 195
176
177
115 167
118 179
175
176
118 170
121 173
174
175
76 175
85 178
173
174
85 175
103 180
172
173
103 175
108 184
171
172
76 178
82 194
170
171
52 171
55 174
169
170
115 179
120 273
168
169
52 174
55 178
167
168
52 178
55 184
166
167
82 178
85 181
165
166
85 180
88 184
164
165
88 180
92 183
163
164
0 182
24 186
162
163
92 180
95 184
161
162
95 180
98 183
160
161
24 182
33 185
159
160
98 180
102 185
158
159
82 181
85 186
157
158
88 183
91 187
156
157
91 184
96 188
155
156
52 184
55 187
154
155
85 184
88 188
153
154
102 184
105 205
152
153
24 185
29 190
151
152
105 184
108 189
150
151
0 186
22 191
149
150
29 185
33 188
148
149
96 185
102 220
147
148
52 187
57 191
146
147
57 187
61 194
145
146
82 186
85 190
144
145
61 187
66 190
143
144
88 187
91 190
142
143
29 188
32 193
141
142
0 193
31 254
140
141
91 188
95 194
139
140
85 188
88 191
138
139
105 189
109 194
137
138
61 190
66 208
136
137
82 190
85 193
135
136
88 190
91 193
134
135
52 191
55 195
133
134
120 191
125 194
132
133
85 191
88 194
131
132
31 193
34 197
130
131
82 193
85 198
129
130
55 194
59 199
128
129
76 194
82 202
127
128
88 193
91 203
126
127
31 208
62 211
125
126
91 194
96 214
124
125
120 194
125 197
123
124
85 194
88 197
122
123
105 194
108 198
121
122
120 197
125 202
120
121
85 197
88 209
119
120
82 198
85 201
118
119
105 198
109 201
117
118
82 201
85 205
116
117
105 201
108 212
115
116
76 202
79 214
114
115
79 202
82 205
113
114
79 205
85 217
112
113
120 202
124 230
111
112
62 208
66 218
110
111
85 209
89 217
109
110
31 211
36 231
108
109
36 211
43 214
107
108
43 211
47 215
106
107
47 211
52 221
105
106
102 205
105 210
104
105
102 210
105 215
103
104
52 211
57 214
102
103
57 211
60 240
101
102
76 217
90 244
100
101
105 212
108 215
99
100
36 214
41 237
98
99
52 214
55 217
97
98
90 214
94 217
96
97
41 215
46 219
95
96
102 215
105 218
94
95
105 215
108 218
93
94
52 217
55 220
92
93
90 217
95 222
91
92
60 218
65 221
90
91
102 218
106 221
89
90
106 218
109 223
88
89
41 219
44 222
87
88
52 220
57 223
86
87
44 219
47 240
85
86
95 220
98 223
84
85
98 220
102 236
83
84
47 221
50 224
82
83
60 221
63 225
81
82
102 221
106 226
80
81
90 222
95 225
79
80
63 221
66 224
78
79
41 222
44 239
77
78
50 223
53 244
76
77
53 223
57 228
71
72
95 223
98 226
74
75
60 225
65 231
73
74
106 223
109 226
72
73
60 233
72 264
55
56
47 224
50 229
70
71
102 234
112 259
69
70
90 225
93 230
68
69
0 254
36 287
67
68
93 226
96 231
66
67
53 228
56 231
65
66
90 231
98 237
64
65
47 229
50 232
63
64
120 230
124 233
62
63
120 233
125 236
61
62
53 231
56 234
60
61
120 236
125 239
59
60
47 232
50 239
58
59
72 233
75 238
57
58
53 234
56 240
56
57
112 234
115 237
75
76
98 236
101 243
54
55
36 237
41 245
53
54
90 237
93 240
52
53
93 237
97 240
51
52
112 237
115 241
50
51
72 238
75 242
49
50
41 244
59 253
48
49
120 239
125 242
47
48
90 240
95 243
46
47
72 242
76 247
45
46
95 240
98 243
44
45
120 242
124 245
43
44
76 244
91 252
42
43
112 241
115 309
41
42
91 243
94 268
40
41
36 253
57 256
39
40
94 243
97 252
38
39
97 243
100 266
37
38
120 245
123 250
36
37
120 250
125 255
35
36
72 252
77 256
34
35
36 256
52 264
33
34
77 252
83 257
32
33
83 252
86 257
31
32
86 252
89 256
30
31
72 257
84 260
29
30
120 255
125 260
28
29
94 252
97 255
27
28
52 256
56 260
26
27
57 253
60 266
25
26
94 255
97 259
24
25
86 256
90 270
23
24
100 259
108 266
22
23
94 259
97 264
21
22
52 260
57 264
20
21
108 259
111 262
19
20
72 260
79 293
18
19
79 260
82 288
17
18
120 260
125 276
16
17
82 260
85 263
15
16
108 262
111 266
14
15
82 263
85 267
13
14
36 264
41 272
12
13
41 264
44 267
11
12
44 264
47 268
10
11
47 264
50 270
9
10
50 264
54 269
8
9
54 264
57 268
7
8
60 264
65 267
6
7
65 264
69 267
5
6
94 266
99 269
4
5
69 264
72 267
3
4
57 266
60 271
2
3
99 266
102 273
1
2
102 266
107 270
0
1
