72
0 0
7 7
38
39
7 0
16 34
33
34
16 0
21 4
39
40
21 0
26 12
34
35
26 0
58 31
35
36
58 0
69 7
37
38
16 4
21 16
36
37
58 7
67 14
32
33
16 31
36 38
31
32
0 7
4 11
30
31
67 7
72 14
29
30
58 14
67 29
28
29
0 11
5 63
27
28
58 29
65 33
26
27
67 14
71 21
25
26
36 31
45 35
21
22
67 21
72 25
23
24
67 25
72 97
22
23
45 31
49 35
24
25
5 38
66 76
20
21
0 76
8 86
19
20
8 76
13 80
18
19
13 76
22 109
17
18
22 76
27 80
16
17
27 76
31 80
15
16
31 76
36 84
14
15
22 84
54 88
13
14
54 76
63 81
12
13
54 81
61 105
11
12
8 80
13 84
10
11
61 81
66 85
9
10
22 88
51 92
8
9
8 84
13 91
7
8
61 85
65 93
6
7
0 86
8 107
5
6
8 91
13 96
4
5
22 92
29 99
3
4
29 92
33 96
2
3
33 92
37 96
1
2
37 92
47 99
0
1
