74
0 0
7 6
49
50
7 0
13 10
48
49
13 0
20 6
47
48
20 0
46 6
46
47
13 6
59 16
45
46
59 0
69 7
44
45
0 16
27 35
43
44
27 16
47 22
42
43
59 7
70 17
41
42
47 16
58 26
40
41
58 17
66 27
39
40
66 17
72 27
38
39
27 26
58 36
37
38
58 27
64 35
36
37
0 35
14 41
35
36
64 27
70 34
34
35
14 36
53 42
33
34
64 34
73 40
32
33
53 40
73 54
31
32
0 41
8 47
30
31
8 42
24 48
29
30
0 48
36 54
28
29
36 42
43 48
27
28
0 54
74 60
26
27
0 60
16 82
25
26
16 60
30 68
24
25
30 60
40 70
23
24
40 60
55 66
22
23
40 66
67 72
21
22
16 72
41 82
20
21
41 72
49 78
19
20
0 82
48 89
17
18
48 78
74 86
18
19
48 86
58 92
16
17
0 92
53 99
15
16
58 86
64 96
14
15
64 86
74 92
13
14
64 92
71 98
12
13
0 99
25 109
11
12
25 99
72 106
10
11
0 109
74 117
9
10
0 117
20 123
8
9
20 117
38 123
7
8
38 117
44 123
6
7
44 117
52 127
5
6
52 117
59 127
4
5
0 123
23 129
3
4
0 129
64 163
2
3
0 163
11 169
1
2
64 117
73 124
0
1
