50
0 0
5 5
59
60
5 0
8 3
58
59
8 0
12 7
57
58
12 0
20 3
56
57
20 0
23 19
55
56
23 0
26 5
54
55
26 0
31 21
53
54
31 0
36 3
52
53
36 0
41 5
51
52
41 0
46 5
50
51
31 5
43 11
49
50
46 0
49 4
48
49
5 3
8 8
47
48
12 3
18 28
44
45
0 5
5 13
45
46
46 4
50 7
46
47
8 7
12 10
43
44
43 7
47 12
42
43
5 10
12 15
41
42
31 11
36 14
40
41
0 28
50 31
39
40
0 31
26 61
38
39
26 31
29 39
37
38
29 31
34 39
36
37
34 31
38 36
35
36
38 31
42 34
34
35
42 31
45 36
33
34
0 61
50 64
32
33
0 64
3 69
31
32
3 64
7 76
30
31
7 64
16 68
29
30
16 64
19 69
28
29
19 64
22 67
26
27
22 64
26 79
27
28
26 64
29 67
25
26
29 64
34 68
24
25
34 64
38 85
23
24
38 64
43 67
22
23
43 64
48 88
21
22
38 67
43 70
20
21
7 68
11 73
19
20
26 68
33 89
18
19
11 68
16 73
17
18
7 73
14 78
16
17
0 78
14 102
15
16
16 69
20 72
14
15
38 70
43 74
13
14
16 72
21 77
12
13
14 89
49 102
11
12
0 102
3 108
10
11
3 102
8 107
9
10
8 102
11 105
8
9
11 102
14 106
7
8
14 102
30 108
6
7
30 102
34 105
5
6
0 108
24 138
4
5
0 138
35 150
3
4
0 150
50 154
2
3
0 154
4 168
1
2
4 154
7 157
0
1
