82
0 0
23 38
64
65
23 0
26 2
59
60
26 0
28 2
63
64
28 0
34 2
58
59
34 0
36 2
61
62
36 0
58 2
62
63
23 2
51 24
57
58
58 0
61 6
60
61
23 24
69 36
56
57
69 0
71 2
69
70
71 0
74 2
68
69
74 0
77 4
67
68
77 0
80 5
66
67
23 36
46 38
54
55
69 2
72 24
55
56
72 4
75 8
65
66
75 5
78 45
53
54
46 36
70 38
52
53
78 5
81 9
51
52
72 8
75 10
50
51
78 9
80 11
49
50
80 9
82 13
48
49
72 10
75 12
47
48
0 38
8 40
46
47
72 12
75 32
45
46
78 11
80 13
44
45
8 38
20 45
43
44
78 13
81 28
42
43
70 24
72 26
41
42
20 38
39 97
40
41
78 28
81 30
39
40
70 26
72 28
38
39
39 38
46 40
37
38
78 30
81 67
36
37
46 38
52 120
35
36
70 28
72 30
34
35
70 30
72 32
33
34
70 32
72 34
32
33
52 38
59 45
25
26
72 32
75 34
30
31
0 45
19 68
29
30
70 34
75 36
28
29
59 38
72 40
27
28
72 36
75 74
26
27
39 40
41 42
31
32
59 40
68 52
24
25
41 40
44 92
23
24
0 97
37 119
22
23
68 40
71 42
21
22
44 40
46 44
20
21
68 42
71 44
19
20
68 44
71 84
18
19
39 42
41 124
17
18
52 45
59 81
16
17
44 44
46 46
15
16
52 84
70 88
14
15
52 88
77 93
13
14
52 93
70 95
12
13
77 67
80 81
11
12
77 81
80 85
10
11
52 95
65 102
9
10
77 85
81 87
8
9
44 46
46 48
7
8
70 93
81 95
6
7
65 95
76 133
5
6
52 102
60 104
4
5
52 104
61 126
3
4
41 92
44 114
2
3
76 95
79 97
1
2
76 97
80 130
0
1
