50
0 0
3 11
79
80
3 0
6 5
75
76
6 0
14 6
77
78
14 0
34 4
76
77
34 0
44 6
78
79
14 4
30 9
74
75
30 6
42 10
73
74
3 9
19 14
72
73
44 0
47 4
71
72
44 4
48 25
70
71
19 9
24 29
69
70
24 9
28 12
68
69
28 10
31 15
67
68
24 15
44 20
66
67
0 14
12 20
65
66
0 20
13 63
64
65
0 63
40 76
63
64
40 25
49 49
62
63
0 76
11 95
61
62
40 49
43 53
60
61
11 76
22 84
59
60
43 49
50 99
58
59
11 84
34 88
57
58
40 53
43 57
56
57
34 76
38 111
55
56
40 57
43 62
54
55
40 62
43 84
53
54
11 88
19 98
47
48
38 84
42 88
48
49
19 88
22 93
50
51
22 88
26 91
49
50
26 88
29 103
51
52
29 88
33 92
52
53
38 88
43 99
46
47
0 98
20 101
45
46
38 99
49 107
44
45
22 91
25 94
43
44
29 92
32 99
42
43
20 94
24 99
41
42
20 99
24 103
40
41
0 101
7 107
39
40
29 99
33 127
38
39
7 101
11 105
37
38
11 103
28 109
36
37
7 105
10 109
35
36
0 107
3 119
34
35
3 107
6 117
33
34
6 109
29 143
32
33
38 107
41 110
31
32
41 107
44 121
30
31
44 107
47 116
29
30
33 111
37 118
28
29
33 121
43 124
27
28
47 107
50 110
26
27
43 121
50 156
25
26
0 119
4 124
24
25
29 127
41 137
23
24
0 143
34 154
22
23
0 154
23 189
19
20
23 154
41 158
20
21
41 156
45 161
21
22
23 161
46 165
18
19
0 189
37 204
17
18
37 165
42 181
16
17
42 165
49 168
15
16
0 204
37 207
14
15
42 168
46 173
13
14
46 168
50 171
12
13
37 181
46 192
11
12
46 171
50 174
10
11
37 192
42 200
9
10
37 200
46 203
8
9
46 174
50 179
7
8
46 179
50 208
0
1
37 203
45 223
5
6
0 207
3 211
4
5
3 207
7 211
3
4
7 207
17 213
2
3
17 207
24 211
1
2
24 207
27 212
6
7
