54
0 0
3 4
99
100
3 0
50 4
98
99
0 4
28 11
89
90
50 0
53 20
97
98
28 4
31 44
96
97
31 4
35 9
95
96
35 4
39 7
94
95
39 4
47 8
93
94
47 4
50 58
92
93
35 7
38 46
91
92
38 8
41 11
90
91
41 8
44 13
83
84
44 8
47 13
87
88
31 9
34 44
81
82
0 11
4 16
86
87
4 11
8 16
88
89
8 11
19 14
84
85
19 11
24 14
85
86
24 11
28 15
79
80
38 13
42 16
82
83
42 13
47 16
80
81
8 14
11 17
78
79
11 14
14 19
77
78
14 15
26 38
76
77
38 16
47 21
75
76
0 16
3 19
74
75
3 16
6 26
73
74
6 17
9 20
72
73
0 19
3 22
71
72
38 21
47 26
70
71
9 19
12 22
69
70
6 22
13 25
68
69
50 20
53 33
67
68
6 25
10 28
66
67
0 38
28 43
65
66
0 43
19 60
64
65
38 26
41 29
63
64
41 26
44 34
62
63
50 33
54 36
61
62
44 26
47 34
60
61
38 34
42 38
59
60
42 34
46 39
58
59
38 39
46 46
57
58
19 46
47 57
56
57
19 57
29 62
55
56
50 36
53 41
54
55
50 41
54 44
53
54
50 44
53 58
52
53
29 57
33 61
51
52
33 57
36 60
50
51
36 57
39 61
49
50
39 57
44 60
48
49
44 58
52 61
47
48
29 61
51 65
46
47
0 60
3 65
45
46
3 60
6 64
44
45
6 60
9 65
43
44
9 60
12 65
42
43
12 60
16 63
41
42
16 60
19 63
40
41
0 65
47 72
39
40
47 65
51 97
38
39
51 61
54 67
37
38
0 72
9 76
33
34
51 67
54 72
31
32
9 72
12 76
34
35
12 72
16 81
35
36
16 72
20 75
32
33
20 72
24 77
36
37
24 72
29 77
30
31
0 81
44 116
27
28
44 97
50 151
29
30
50 97
54 112
28
29
0 116
5 119
26
27
5 116
17 143
25
26
17 116
27 121
24
25
50 112
53 117
23
24
17 121
36 127
22
23
36 116
40 120
21
22
40 116
44 121
20
21
50 117
53 121
16
17
0 119
5 124
18
19
36 120
40 129
17
18
40 121
44 149
19
20
0 124
5 127
15
16
17 127
27 130
14
15
17 130
33 135
13
14
0 127
5 130
12
13
50 121
53 125
11
12
50 125
54 128
10
11
0 143
24 147
9
10
50 128
54 131
8
9
33 129
39 134
7
8
50 131
53 135
6
7
0 147
18 151
5
6
24 135
39 185
4
5
0 151
7 154
3
4
50 135
54 139
2
3
50 139
53 142
1
2
50 142
53 145
0
1
