24
0 0
3 14
224
71
3 0
7 7
222
71
7 0
10 8
225
71
10 0
14 8
221
70
14 0
16 20
220
69
16 0
20 4
223
71
20 0
24 8
219
69
16 4
18 9
218
68
3 8
12 13
213
67
18 8
24 14
214
67
3 13
7 19
209
66
7 13
12 17
215
67
16 14
20 18
217
67
12 8
14 29
211
66
0 14
3 21
210
66
20 14
24 20
216
67
3 19
9 28
204
65
16 18
20 31
205
65
9 17
12 30
206
65
14 20
16 27
212
66
20 20
22 29
208
65
0 28
4 42
203
64
4 28
7 33
207
65
7 31
18 35
200
64
20 29
23 44
198
63
4 35
9 45
201
64
9 35
12 43
199
63
12 35
17 41
202
64
12 41
16 60
195
62
0 45
12 51
193
62
17 35
20 55
196
62
0 51
5 56
194
62
20 44
23 52
197
62
5 51
8 73
191
61
16 55
21 60
190
61
8 51
11 55
192
61
0 56
5 64
189
60
8 60
20 64
185
59
21 52
24 59
187
59
0 64
5 68
186
59
21 59
24 64
188
59
8 64
11 77
184
58
11 64
14 85
181
57
14 64
17 83
182
57
17 64
20 79
183
57
0 68
5 76
179
57
20 64
24 71
180
57
0 77
11 84
174
56
20 71
23 94
176
56
17 79
20 89
177
56
0 84
5 89
175
56
14 83
17 88
178
56
5 85
14 91
170
55
14 88
17 100
172
55
0 89
3 101
171
55
17 89
20 96
173
55
3 91
11 99
165
54
20 94
24 106
167
54
3 99
8 108
166
54
8 99
12 110
168
54
17 96
20 104
169
54
12 106
22 111
163
53
0 101
3 109
164
53
3 108
7 120
161
52
22 106
24 123
162
52
7 110
11 120
157
51
0 109
2 121
159
51
11 111
15 116
158
51
15 111
17 120
160
51
17 111
20 130
155
50
2 120
9 125
154
50
11 116
14 124
156
50
14 120
17 136
151
49
20 123
23 130
152
49
9 124
12 130
153
49
0 125
6 134
149
48
6 130
14 136
148
48
17 130
21 141
150
48
0 134
4 152
147
47
4 136
9 148
146
46
9 136
15 142
145
46
15 141
20 150
143
45
9 142
14 146
144
45
20 141
24 158
139
44
4 148
15 154
138
44
15 150
19 164
140
44
0 152
4 159
141
44
4 154
6 160
142
44
6 154
10 166
135
43
10 154
14 162
136
43
19 158
21 173
137
43
0 160
5 165
134
43
10 162
15 174
131
42
0 165
6 175
130
42
21 158
24 172
132
42
15 164
18 175
133
42
6 166
10 182
129
41
21 172
24 194
127
40
0 175
6 183
126
40
18 173
20 180
128
40
10 174
14 191
123
39
0 183
9 190
122
39
14 175
17 192
124
39
17 180
19 192
125
39
0 191
11 198
117
38
11 192
20 199
120
38
0 198
11 203
118
38
11 199
21 204
119
38
21 194
24 202
121
38
0 203
11 208
114
37
11 204
20 209
115
37
21 202
23 207
116
37
20 207
23 216
109
35
0 208
5 220
112
36
5 208
11 214
111
36
11 209
16 216
113
36
16 209
19 232
107
35
5 216
12 223
106
35
12 216
15 231
108
35
19 216
22 223
110
35
0 220
4 226
105
34
0 226
12 233
102
33
19 223
22 243
103
33
12 231
15 242
104
33
22 216
24 224
101
32
0 233
11 238
97
32
15 232
18 238
99
32
0 238
3 246
98
32
22 224
24 235
100
32
3 238
11 245
93
31
11 242
16 249
94
31
16 238
19 248
95
31
22 235
24 242
96
31
0 246
10 252
90
30
10 249
19 255
91
30
19 243
23 248
92
30
0 252
7 258
84
29
7 255
19 262
89
30
19 248
24 257
87
29
0 258
6 266
85
29
6 262
12 269
86
29
19 257
22 264
88
29
12 264
23 271
79
28
0 266
4 285
80
28
4 269
8 276
82
28
8 269
12 276
81
28
12 271
17 276
78
27
17 271
21 276
83
28
4 276
14 281
77
27
4 281
15 285
76
26
15 276
19 287
75
25
21 271
23 279
74
24
19 279
24 288
72
23
0 285
6 290
71
23
6 285
15 290
69
22
15 287
19 297
73
23
0 290
8 296
66
21
19 288
21 299
67
21
21 288
23 294
68
21
8 290
11 306
62
20
11 290
14 295
70
22
21 294
24 308
63
20
11 295
14 306
64
20
0 296
2 311
65
20
2 296
7 301
61
20
14 297
17 305
60
19
17 299
21 303
59
19
2 306
11 314
54
18
17 303
21 316
58
18
11 306
17 313
56
18
11 313
16 320
57
18
0 314
8 318
55
18
21 308
24 331
51
17
8 314
10 337
53
17
16 316
20 326
49
17
0 318
4 323
50
17
4 318
7 323
52
17
10 326
21 334
44
16
0 323
3 341
46
16
3 323
8 330
45
16
3 330
6 337
47
16
21 331
24 336
48
16
10 334
21 340
41
15
21 336
24 347
42
15
3 337
6 347
43
15
6 337
10 346
38
14
10 340
14 348
39
14
14 340
17 347
40
14
17 340
20 345
37
13
0 347
7 353
34
12
17 345
21 352
35
12
7 346
10 353
36
12
14 347
16 371
33
11
21 347
24 361
32
11
10 348
14 354
31
11
16 352
19 375
26
10
19 352
21 364
29
10
0 353
2 362
30
10
2 353
5 357
28
10
5 353
8 357
27
10
2 357
10 363
24
9
10 354
14 365
25
9
21 361
24 380
23
8
0 363
5 372
20
8
5 363
9 373
22
8
9 365
14 373
21
8
0 373
10 377
19
8
10 373
16 382
15
7
19 364
21 385
17
7
0 377
4 385
16
7
16 375
18 381
18
7
4 377
6 394
14
6
6 382
17 390
11
5
0 385
4 398
13
5
17 385
23 391
12
5
6 390
9 411
10
4
9 390
13 403
9
4
13 391
19 399
8
4
19 391
22 404
7
3
22 391
24 408
6
2
0 398
3 406
5
2
13 399
17 409
1
1
4 394
6 410
4
1
17 404
22 410
0
1
9 403
12 408
3
1
0 406
3 411
2
1
