24
0 0
8 7
94
28
8 0
12 17
99
30
12 0
15 16
100
30
15 0
18 24
98
29
18 0
21 24
97
28
0 7
6 15
95
28
0 15
5 20
96
28
21 0
24 15
92
27
6 7
8 17
93
27
5 17
11 24
89
26
11 17
15 22
88
25
21 15
23 34
91
26
0 20
4 28
90
26
4 24
11 31
85
25
11 22
15 31
87
25
15 24
19 45
82
24
0 28
4 45
83
24
19 24
21 47
84
24
4 31
9 39
81
24
9 31
14 37
86
25
9 37
14 47
80
24
4 39
8 53
77
23
8 47
14 54
76
23
21 34
24 39
78
23
21 39
24 44
79
23
0 45
4 62
71
22
14 45
18 55
72
22
21 44
23 51
74
22
18 47
20 54
73
22
4 54
14 62
67
21
14 55
21 62
68
21
21 51
23 56
75
22
21 56
23 64
62
19
0 62
2 70
70
21
2 62
8 72
63
20
8 62
13 74
64
20
13 62
16 72
66
20
16 62
21 69
69
21
16 69
20 74
65
20
21 64
24 75
61
19
0 74
12 78
60
18
12 74
16 94
58
17
0 78
9 86
57
17
16 74
19 80
59
17
19 75
24 85
56
16
0 86
10 91
54
16
16 85
22 89
55
16
0 91
10 96
50
15
16 89
19 101
53
15
19 89
23 94
51
15
0 96
11 102
45
14
11 101
20 107
46
14
0 102
9 107
47
14
20 94
23 109
52
15
0 107
6 113
48
14
6 107
9 112
49
14
9 107
20 112
41
13
6 112
18 120
40
13
20 109
24 122
43
13
0 120
9 127
35
12
9 120
14 130
42
13
18 112
20 135
44
13
14 120
18 139
37
12
20 122
24 137
38
12
0 127
6 131
36
12
6 127
9 133
39
12
0 131
6 143
31
11
9 130
13 147
32
11
6 133
9 145
34
11
18 137
22 143
33
11
13 143
24 149
29
10
0 143
2 165
23
8
2 143
6 149
30
10
6 145
8 159
28
9
8 147
12 154
25
9
12 149
20 157
24
9
2 149
5 153
26
9
8 157
19 163
20
8
20 149
24 159
21
8
2 153
5 157
27
9
2 157
6 168
17
7
6 159
8 163
19
7
19 159
22 168
22
8
6 163
9 170
18
7
9 163
19 170
15
6
22 159
24 165
16
6
0 168
5 174
13
5
22 165
24 172
14
5
19 168
22 190
12
4
5 170
10 174
11
4
0 174
11 179
6
3
11 170
16 179
8
3
0 179
7 185
7
3
7 179
12 187
9
3
16 170
18 187
10
3
12 179
15 195
4
2
0 185
6 190
2
2
6 187
10 194
3
2
22 172
24 176
5
2
22 176
24 192
1
1
15 187
19 194
0
1
