32
0 0
3 24
246
100
3 0
11 8
245
100
11 0
21 5
244
100
21 0
28 5
243
99
28 0
32 5
242
98
11 5
17 14
240
97
17 5
21 14
241
97
21 5
31 13
238
96
3 8
6 15
239
96
6 8
9 27
236
95
21 13
24 27
237
95
24 13
27 34
234
94
0 27
14 33
232
93
27 13
31 31
233
93
14 14
18 32
231
92
18 27
23 37
230
92
0 33
9 37
229
92
27 31
29 55
228
91
0 37
12 43
223
90
29 31
31 58
227
91
12 33
17 47
225
90
17 37
25 45
224
90
0 43
4 54
226
90
25 34
27 50
235
94
4 43
12 50
221
89
12 47
23 52
220
89
23 45
25 55
222
89
4 52
13 59
219
88
13 52
20 65
216
87
20 52
23 66
217
87
0 54
3 65
218
87
23 58
30 67
215
86
3 59
9 66
213
85
9 59
12 67
214
85
30 58
32 82
211
84
0 65
2 87
212
84
12 65
18 70
210
84
2 66
5 93
208
83
5 67
12 73
207
83
18 66
21 77
209
83
21 67
27 74
206
82
5 73
12 79
205
81
12 70
16 99
204
80
21 74
29 81
202
80
16 77
21 84
203
80
5 79
10 91
200
79
21 81
25 89
201
79
25 81
28 99
199
78
28 82
32 113
197
77
16 84
19 100
198
77
0 93
9 97
196
77
0 97
7 103
194
76
19 89
23 99
195
76
7 97
12 104
193
75
19 99
26 104
192
75
0 104
9 112
189
74
12 100
17 113
190
74
17 104
22 116
191
74
22 104
26 131
187
73
0 112
12 120
185
73
26 113
32 118
186
73
12 113
14 125
188
73
14 113
16 143
184
72
0 120
7 128
181
72
16 116
19 132
183
72
26 118
31 125
182
72
0 128
11 135
177
71
26 125
31 140
179
71
0 135
11 140
178
71
19 116
21 123
180
71
19 131
26 143
176
70
0 140
4 163
173
69
4 140
10 155
172
69
10 140
14 162
175
69
26 140
30 162
174
69
14 143
26 151
170
68
14 151
24 158
171
68
4 155
10 165
169
67
14 158
21 164
168
67
21 158
24 174
167
66
30 140
32 155
166
65
10 162
14 194
165
64
24 162
29 174
163
63
29 162
32 178
164
63
14 164
20 171
162
63
0 163
3 177
161
62
14 174
22 184
157
61
3 165
10 175
158
61
22 174
25 192
160
61
3 175
9 182
159
61
25 174
29 204
155
60
0 177
3 189
156
60
3 182
10 189
153
59
14 184
21 189
154
59
29 178
32 198
152
58
0 189
2 214
149
57
2 189
4 210
150
57
4 189
8 199
148
57
8 189
10 201
151
57
14 189
21 198
145
56
21 192
25 207
146
56
4 201
18 207
141
55
18 198
20 206
147
56
4 207
14 214
142
55
14 207
23 212
143
55
25 204
31 215
137
54
23 207
25 226
140
54
14 212
18 221
138
54
18 212
21 238
144
55
0 214
3 222
139
54
3 221
17 226
133
53
21 212
23 244
136
53
25 215
30 226
135
53
0 226
5 235
130
52
5 226
14 231
134
53
5 231
18 238
129
52
23 226
26 240
131
52
30 215
32 229
132
52
0 238
13 244
125
51
23 240
32 248
127
51
0 244
12 249
126
51
13 238
15 253
128
51
15 238
19 251
123
50
19 238
21 259
124
50
21 248
28 256
121
49
28 248
32 252
122
49
0 249
6 264
118
48
6 249
10 268
119
48
10 249
13 269
120
48
21 256
29 263
117
48
15 251
18 281
114
47
18 263
25 270
113
47
29 252
32 267
115
47
25 263
28 277
116
47
0 264
3 291
111
46
3 264
6 285
112
46
6 269
13 274
110
45
28 267
32 294
109
44
18 270
24 284
108
44
6 274
14 282
107
44
6 284
20 290
104
43
24 277
27 303
106
43
20 284
24 289
105
43
20 289
24 294
103
42
3 285
5 297
102
41
5 290
11 296
101
40
11 290
15 302
99
39
15 294
24 299
98
39
0 291
2 301
100
39
27 294
29 319
97
38
29 294
32 308
96
38
5 296
8 325
95
37
15 299
22 310
92
37
0 301
5 316
94
37
8 302
15 310
93
37
8 310
14 322
89
36
22 303
27 314
90
36
29 308
31 322
91
36
14 310
20 325
88
35
20 314
26 330
85
34
0 316
3 333
87
34
8 322
13 332
86
34
26 322
32 333
83
33
3 325
6 349
82
32
6 325
8 356
84
33
13 325
16 339
81
31
16 330
26 334
80
31
8 332
10 358
79
30
26 333
30 344
78
30
10 339
21 345
74
29
0 333
3 354
76
29
21 334
24 350
77
29
24 344
29 351
75
29
10 345
15 361
73
28
15 351
27 356
71
28
15 356
27 361
70
28
0 354
6 359
72
28
30 333
32 346
69
27
0 359
7 367
63
23
29 346
32 363
67
26
7 358
10 380
65
25
10 361
18 368
68
27
27 351
29 380
66
25
18 361
21 381
64
24
21 361
26 367
61
22
29 363
31 377
62
22
0 367
7 371
60
22
21 367
26 379
59
21
10 368
18 381
57
20
0 371
3 400
56
19
3 371
7 385
58
20
21 379
27 387
54
19
7 381
13 386
55
19
29 377
32 394
52
18
13 381
19 390
53
19
3 385
7 406
50
17
19 387
26 395
49
17
7 390
18 395
48
17
7 395
16 401
47
16
16 395
26 401
46
16
7 401
19 406
44
16
26 394
30 399
51
17
19 401
27 414
37
14
0 406
12 410
45
16
12 406
19 419
42
15
27 399
31 414
43
15
0 410
9 416
41
15
9 410
12 437
40
14
19 414
25 420
38
14
25 414
31 418
39
14
0 416
4 438
36
13
12 420
22 426
33
13
4 416
9 425
35
13
25 418
31 423
34
13
22 423
30 436
30
12
12 426
19 438
31
12
19 436
30 441
29
12
4 425
7 441
32
12
7 437
10 469
27
11
0 438
3 453
28
11
10 438
17 449
25
10
17 441
23 446
26
10
23 441
30 453
24
9
10 449
20 457
23
9
30 423
32 452
22
8
20 453
32 461
19
7
3 441
7 450
21
7
0 453
6 459
20
7
10 457
13 484
17
6
13 457
17 474
15
6
17 457
20 465
18
6
0 459
4 464
16
6
20 461
24 474
12
5
4 459
7 487
13
5
24 461
27 475
14
5
27 461
32 469
11
5
0 464
4 486
4
2
13 474
20 483
9
4
20 475
26 483
10
4
13 483
23 490
5
3
7 469
10 484
6
3
27 469
30 495
3
1
23 483
26 497
7
3
30 469
32 486
8
3
7 484
12 492
2
1
12 490
23 498
1
1
0 492
12 497
0
1
