31
0 0
6 16
73
35
6 0
21 4
71
35
6 4
17 9
72
35
17 4
29 9
69
34
6 9
21 17
66
33
21 9
25 36
70
34
25 9
28 32
67
33
29 0
31 16
68
33
0 16
3 44
64
32
3 17
8 31
63
32
28 16
31 38
65
32
8 17
15 32
62
31
3 32
18 38
59
30
18 17
21 34
60
30
25 32
27 53
61
30
3 38
18 45
56
29
18 36
25 44
57
29
18 44
25 49
58
29
0 45
12 52
53
28
12 49
24 55
54
28
27 38
30 54
51
27
0 52
2 75
52
27
2 52
11 60
49
26
11 55
22 60
55
28
24 53
27 67
50
26
2 60
13 65
45
24
13 60
21 65
46
24
27 54
30 71
48
25
2 65
7 76
42
22
7 65
11 80
44
23
11 65
16 75
43
23
16 65
23 75
47
24
23 71
30 76
41
21
11 75
21 80
40
20
0 76
7 85
38
19
21 76
26 87
39
19
7 80
20 87
36
18
0 87
10 91
37
18
10 87
26 92
34
17
26 76
30 95
32
16
0 91
3 119
27
14
3 91
5 118
33
16
5 92
11 103
31
16
11 92
14 119
30
15
14 92
16 105
29
14
16 92
20 108
35
17
20 92
22 121
28
14
22 92
26 123
22
11
26 95
28 121
25
12
5 103
10 118
26
13
0 119
15 124
24
12
15 108
19 120
23
11
15 123
24 127
20
10
0 124
15 131
18
9
28 95
31 122
21
10
26 122
31 137
17
8
15 127
26 134
19
9
0 131
4 139
16
7
4 131
11 144
12
6
11 134
16 145
13
6
16 134
24 143
14
7
24 137
31 152
15
7
0 144
9 148
9
5
16 143
24 149
10
5
9 145
13 165
7
4
13 145
16 169
11
5
0 148
3 175
8
4
16 152
31 160
4
3
3 148
6 177
5
3
6 148
9 175
6
3
16 160
20 175
3
2
20 160
25 172
2
2
25 160
31 174
0
1
9 165
13 177
1
1
