32
0 0
4 14
403
199
4 0
10 9
402
199
10 0
25 8
400
198
25 0
28 29
395
195
10 8
19 14
401
198
0 14
10 18
399
197
28 0
32 29
397
196
10 14
24 20
396
196
0 18
7 27
394
195
7 18
10 47
392
194
10 20
16 34
391
194
16 20
19 36
393
194
19 20
25 35
389
193
19 35
29 39
388
193
0 27
6 32
390
193
29 29
32 54
398
196
0 32
7 42
386
192
10 34
14 44
387
192
14 39
29 47
384
191
0 42
6 54
385
191
6 47
11 62
383
190
11 47
18 57
382
190
18 47
27 55
379
189
0 54
4 69
380
189
27 54
30 72
381
189
18 55
21 84
377
188
21 55
24 71
378
188
4 62
17 70
374
187
0 70
12 76
375
187
12 70
18 80
376
187
21 71
27 82
373
186
0 76
10 81
372
186
10 80
18 87
371
185
27 72
31 92
369
184
0 81
3 101
370
184
3 81
9 87
368
184
21 82
27 92
365
183
18 84
21 99
367
183
3 87
7 98
366
183
7 87
15 101
363
182
21 92
28 107
364
182
0 101
7 113
361
181
15 99
20 111
362
181
20 107
30 114
358
180
7 101
11 116
360
180
11 111
17 122
359
180
0 113
6 124
357
179
17 114
24 119
356
178
17 119
32 125
355
177
6 116
9 132
354
176
9 122
13 132
353
176
13 125
20 132
352
175
20 125
28 129
351
174
20 129
27 138
349
173
0 124
2 141
350
173
2 132
15 138
346
172
28 125
31 147
348
172
15 132
20 140
347
172
2 138
6 153
345
171
6 140
22 147
343
170
6 147
17 153
344
170
22 138
25 165
341
169
25 138
28 161
342
169
17 147
22 160
340
168
0 153
12 160
338
167
28 147
31 171
339
167
0 160
6 171
335
166
12 153
17 166
336
166
6 160
11 172
337
166
17 160
20 186
333
165
20 171
32 177
332
165
11 166
14 180
334
165
0 172
8 186
330
164
20 177
31 184
329
164
20 184
30 191
328
163
14 166
17 184
327
162
8 180
13 192
326
161
0 186
7 198
331
164
13 184
17 205
323
160
17 186
20 206
325
160
20 191
24 205
324
160
24 191
28 205
322
159
0 198
7 214
319
158
28 191
32 208
320
158
7 192
10 214
321
158
10 205
15 220
318
157
20 205
27 209
317
157
15 206
18 238
316
156
18 209
31 214
314
154
0 214
3 244
313
153
18 214
27 221
311
153
3 214
6 242
315
155
27 214
32 224
312
153
6 214
9 245
310
152
18 221
25 233
308
152
9 220
15 233
309
152
25 224
29 243
307
151
9 238
17 243
306
151
18 233
23 242
305
150
17 242
25 256
303
149
29 224
31 241
304
149
0 245
14 252
300
148
29 241
32 263
296
145
0 252
8 256
301
148
0 256
15 262
297
146
15 243
17 260
298
146
25 243
28 266
299
147
17 256
20 269
302
148
0 262
9 268
295
145
20 266
32 271
292
144
9 262
12 282
294
144
12 262
17 272
293
144
0 268
8 280
291
143
17 271
31 277
290
143
12 272
15 303
289
142
15 277
23 284
288
142
15 284
30 288
286
141
30 277
32 294
287
141
15 288
29 294
283
140
0 280
2 308
285
140
2 280
6 294
284
140
2 294
9 305
281
139
15 294
22 302
282
139
9 282
12 294
280
138
22 294
31 298
279
138
9 294
12 320
277
137
22 298
25 316
278
137
25 298
32 305
276
137
15 302
21 308
275
136
2 305
9 313
274
135
12 303
15 332
272
134
25 305
30 321
271
134
30 305
32 330
273
134
15 321
29 328
269
133
0 313
6 326
270
133
0 326
8 333
268
132
15 328
24 332
267
132
8 332
23 337
266
132
24 328
29 337
265
131
0 333
5 344
264
131
5 337
10 347
263
130
10 337
15 353
260
129
29 330
32 351
262
129
15 337
18 358
261
129
18 337
29 344
259
128
0 344
3 374
257
127
18 344
21 362
258
127
21 344
27 355
254
126
3 347
9 355
255
126
9 353
15 359
256
126
3 355
9 368
251
125
27 351
30 376
253
125
21 355
26 365
252
125
9 362
19 368
249
124
19 365
23 379
250
124
3 368
10 383
248
123
23 365
27 393
247
122
10 368
18 375
245
122
10 375
17 380
246
122
10 380
17 384
244
121
0 374
3 403
243
120
3 384
12 392
242
120
17 379
23 393
240
119
27 376
30 392
241
119
3 392
10 401
238
118
10 393
22 398
237
118
27 392
30 409
239
118
10 398
18 410
236
117
0 403
10 410
235
117
22 393
27 405
233
116
30 351
32 370
234
116
18 405
26 411
232
115
30 370
32 382
231
114
0 410
9 416
229
113
26 409
29 423
230
113
9 411
19 415
228
113
29 409
32 431
227
112
19 411
22 424
225
111
22 411
24 425
226
111
24 411
26 435
224
110
9 415
16 430
222
109
0 416
8 429
221
109
16 425
24 440
219
108
26 423
29 446
223
110
0 429
6 443
220
108
6 430
11 444
218
107
11 440
21 445
217
107
29 431
32 455
216
106
21 440
25 453
215
106
0 444
7 451
214
106
7 445
20 450
211
105
7 450
15 455
212
105
25 446
27 460
213
105
27 446
29 463
210
104
0 451
7 465
208
103
15 450
20 465
209
103
20 463
29 468
207
103
7 455
9 485
206
102
0 465
7 473
204
102
9 455
13 467
205
102
9 468
25 473
201
101
25 468
32 477
202
101
0 473
7 481
203
101
9 473
15 484
199
100
15 473
23 479
198
100
23 477
26 492
195
98
26 477
28 497
200
100
28 477
32 505
192
97
9 484
19 492
196
99
0 481
7 490
197
99
0 490
5 506
189
96
19 479
23 488
194
98
19 488
23 503
193
97
5 492
11 502
191
97
5 502
18 508
188
96
23 492
26 510
190
96
26 505
32 520
187
95
0 508
16 513
185
94
18 503
23 513
186
94
0 513
8 529
184
93
8 513
12 529
183
92
12 513
18 522
182
92
18 513
25 527
181
91
12 527
26 534
180
91
0 529
8 544
178
90
8 534
19 540
177
90
26 520
31 533
179
90
26 533
28 549
176
89
19 534
24 544
175
88
8 540
14 550
174
87
0 544
8 551
173
87
14 544
23 549
172
86
14 549
19 561
171
85
28 533
31 564
170
84
19 549
24 560
169
84
0 551
7 567
167
83
7 551
14 556
168
83
7 556
14 571
165
82
24 549
28 557
166
82
19 560
27 565
164
81
14 565
30 571
162
80
0 571
8 580
163
80
8 571
17 578
161
79
17 571
21 582
160
78
30 564
32 594
159
77
21 571
26 586
157
76
26 571
30 589
158
76
0 580
14 585
156
76
0 585
8 596
155
75
8 585
21 590
153
74
21 586
24 607
154
74
24 589
27 608
152
73
8 590
15 598
151
72
15 590
20 605
150
71
0 596
6 607
149
71
6 598
15 604
148
71
27 594
31 626
147
70
6 605
18 613
145
70
0 607
5 619
146
70
18 605
20 629
144
69
20 607
24 626
143
68
0 619
15 624
141
68
0 624
6 632
142
68
24 608
27 628
140
67
6 624
14 631
139
67
14 629
28 634
136
66
0 632
13 636
137
66
28 626
30 646
138
66
13 634
17 645
135
65
17 634
22 647
134
64
0 636
12 641
133
64
0 641
8 650
132
63
8 647
21 654
129
62
22 634
26 656
130
62
26 646
30 658
131
62
0 650
7 662
127
61
7 654
20 659
126
61
20 656
25 668
128
61
25 658
28 679
124
60
30 626
32 650
125
60
0 662
15 668
121
59
0 668
15 673
122
59
0 673
12 677
123
59
30 650
32 679
120
58
0 677
15 685
118
57
15 668
23 680
119
57
23 679
31 688
116
56
0 685
11 691
115
56
15 680
18 697
117
56
18 680
22 702
113
55
11 685
14 704
114
55
22 688
26 701
110
54
26 688
30 700
111
54
0 691
3 704
112
54
14 702
26 707
109
53
3 691
11 703
106
52
26 700
32 712
108
52
3 703
11 707
107
52
0 707
5 719
104
51
11 704
13 723
105
51
13 707
24 714
103
50
13 714
23 721
100
49
23 714
32 721
101
49
5 707
10 716
102
49
0 719
9 723
99
48
13 721
27 725
98
47
0 723
12 730
97
46
27 721
30 744
96
45
12 725
17 738
95
45
17 725
26 729
94
45
30 721
32 745
93
44
17 729
24 734
91
44
0 730
8 746
88
43
8 730
12 744
89
43
24 729
27 758
92
44
8 744
22 751
86
42
0 751
15 756
85
42
15 751
21 765
87
42
0 756
8 765
83
41
0 765
12 771
82
41
21 758
29 763
84
41
29 745
31 763
90
43
12 765
25 771
79
40
0 771
9 778
80
40
25 763
29 777
81
40
29 763
32 779
78
39
9 771
18 778
76
38
18 777
27 783
77
38
0 778
3 808
75
37
3 778
11 790
72
36
11 778
16 794
73
36
27 779
32 792
74
36
16 783
20 806
71
35
20 792
32 797
69
35
3 790
10 797
70
35
10 794
13 811
68
34
20 797
32 802
67
33
20 802
32 807
66
33
3 797
8 810
64
32
13 794
15 822
65
32
15 806
20 819
63
31
8 797
10 818
62
30
20 807
24 823
61
29
24 807
26 838
60
28
26 807
32 822
58
27
0 818
10 825
57
27
10 811
13 826
59
27
15 819
20 834
54
26
26 822
29 841
56
26
20 823
24 832
55
26
13 822
15 850
53
25
29 822
32 840
52
25
0 825
8 841
49
24
8 826
13 838
51
24
15 834
23 841
50
24
0 841
8 849
48
23
8 838
11 863
47
22
23 838
26 859
46
21
11 850
22 855
44
21
0 849
8 855
45
21
26 841
30 863
43
20
0 855
6 861
42
20
11 855
18 859
41
20
18 855
23 867
40
19
0 863
9 869
38
19
11 859
18 865
39
19
23 863
30 869
37
18
9 867
21 874
36
17
0 869
6 877
33
16
30 840
32 857
34
16
30 857
32 870
35
16
21 869
25 900
30
15
6 869
8 889
31
15
25 869
27 887
32
15
27 870
32 884
29
14
8 874
18 881
28
14
8 881
18 888
27
14
18 874
21 905
24
13
0 877
3 905
25
13
3 877
5 896
26
13
8 888
16 894
23
12
5 894
13 900
22
12
3 900
14 906
19
11
27 884
32 896
20
11
14 894
18 908
21
11
25 896
29 927
17
10
18 905
23 919
16
10
29 896
32 918
18
10
0 906
13 910
15
9
13 908
17 926
14
8
0 910
4 925
13
7
4 910
13 916
12
7
4 916
13 921
11
6
17 919
24 933
9
5
4 921
10 936
10
5
29 918
32 936
8
4
10 926
17 931
7
4
0 925
3 955
6
3
24 927
29 938
5
3
10 933
23 941
3
2
3 941
17 948
2
2
23 938
29 953
4
2
3 948
15 955
0
1
15 948
22 953
1
1
