32
0 0
3 28
131
50
3 0
15 6
130
50
15 0
21 9
126
48
21 0
23 30
132
50
23 0
25 21
133
50
25 0
28 30
129
49
3 6
14 11
128
49
3 11
16 15
125
48
28 0
32 8
127
48
28 8
32 24
124
47
16 9
19 27
123
46
3 15
6 46
122
46
19 9
21 16
121
45
6 15
10 47
120
44
10 15
16 31
116
43
28 24
32 46
117
43
16 27
19 44
118
43
19 16
21 38
119
43
23 21
25 34
115
42
10 31
16 46
112
42
21 34
25 50
113
42
0 28
2 48
114
42
2 47
15 54
110
41
25 30
27 57
111
41
15 46
21 57
106
39
27 46
30 69
108
39
0 54
6 60
109
40
6 54
11 62
107
39
11 57
19 63
103
38
21 50
24 63
105
38
0 60
5 67
104
38
5 63
12 78
101
37
24 57
27 87
102
37
12 63
23 68
99
37
12 68
22 73
100
37
0 67
4 98
93
34
30 46
32 74
97
36
22 68
24 80
98
36
12 73
22 80
95
35
4 78
11 84
96
35
11 80
18 87
92
34
27 74
31 81
94
34
4 87
18 93
91
34
18 80
21 96
90
33
21 87
27 92
89
33
27 81
31 97
86
31
4 93
14 99
85
31
21 92
24 104
84
30
0 99
14 104
80
29
0 104
12 109
81
29
24 92
27 107
88
32
14 93
16 119
82
29
16 93
18 107
83
29
18 96
20 105
87
31
27 97
30 121
79
28
0 109
12 115
76
28
16 107
26 111
77
28
16 111
22 115
78
28
30 97
32 123
74
27
12 104
14 113
75
27
22 111
25 133
71
26
0 115
10 121
69
26
16 115
21 120
73
27
10 115
13 132
72
26
13 119
16 148
68
25
16 120
19 136
65
24
0 121
5 126
70
26
5 121
9 134
62
23
25 123
32 132
67
25
0 126
5 133
64
24
16 136
30 141
61
23
9 132
12 146
66
24
30 132
32 149
63
23
0 133
3 157
59
22
3 134
6 150
60
22
16 141
21 149
58
22
6 134
9 162
57
21
21 141
30 149
54
21
9 148
14 162
55
21
14 149
19 155
56
21
19 149
22 180
52
20
22 149
26 168
51
20
0 162
12 168
50
20
26 149
29 172
53
20
12 162
19 176
47
19
29 149
32 162
48
19
29 162
32 174
49
19
0 168
11 174
44
18
22 168
26 181
46
18
26 172
29 201
36
14
0 174
12 179
41
17
29 174
32 182
38
15
12 176
19 183
45
18
0 179
7 185
42
17
7 179
9 192
43
17
9 183
22 189
40
16
0 185
7 192
37
15
22 181
24 202
39
15
9 189
19 195
33
13
0 192
8 198
34
13
24 181
26 193
35
13
8 195
13 205
30
12
29 182
31 199
32
12
13 195
20 201
29
12
0 198
8 208
27
11
20 189
22 199
28
11
29 199
32 226
31
12
13 201
20 215
24
10
24 201
27 214
26
10
20 202
24 225
23
9
8 205
12 219
25
10
0 208
3 226
22
8
3 208
7 221
21
8
7 219
16 224
18
7
27 201
29 228
17
6
16 215
20 229
19
7
24 214
27 231
16
6
3 224
10 229
15
6
10 224
14 242
14
5
20 225
23 256
2
1
14 224
16 244
20
7
0 229
10 235
11
4
29 226
32 243
13
4
16 229
20 236
12
4
23 231
27 260
9
3
0 235
10 241
8
3
16 236
20 248
10
3
0 242
11 247
4
2
27 228
29 254
3
1
0 247
13 252
1
1
0 252
13 259
0
1
13 248
19 252
5
2
29 243
31 259
7
2
13 252
16 260
6
2
