24
0 0
3 9
318
100
3 0
5 10
319
100
5 0
8 14
313
98
8 0
12 6
315
99
12 0
16 4
316
99
16 0
18 6
317
99
18 0
21 20
312
98
8 6
14 15
311
98
21 0
24 10
314
98
14 6
18 24
309
97
0 9
3 31
310
97
3 15
11 19
308
97
21 10
24 32
307
96
3 19
7 24
306
96
7 19
11 24
305
96
3 24
9 29
302
95
11 15
14 24
303
95
18 20
21 26
304
95
9 24
13 29
300
94
13 24
16 29
301
94
16 26
20 45
298
93
3 29
13 35
295
93
0 35
8 42
296
93
8 35
13 42
297
93
20 32
24 38
299
93
20 38
24 47
294
92
0 42
9 49
290
91
9 45
19 51
289
91
0 49
7 57
292
91
7 51
16 56
291
91
19 47
22 52
293
91
7 56
18 64
284
90
0 64
11 68
285
90
22 47
24 55
287
90
18 52
21 57
286
90
21 55
23 62
288
90
18 62
24 68
283
89
0 68
11 74
278
88
11 64
14 83
281
88
0 74
11 78
279
88
14 64
18 72
280
88
18 68
21 78
282
88
0 78
5 86
276
87
21 68
24 75
277
87
14 72
18 81
273
86
21 75
24 86
274
86
5 78
8 86
275
86
14 81
19 87
271
86
8 83
12 93
272
86
0 86
3 104
270
85
12 87
18 95
267
85
3 86
8 92
268
85
19 86
23 91
269
85
3 93
11 99
262
84
18 91
22 102
264
84
11 95
15 118
258
83
3 99
9 105
263
84
15 95
18 105
265
84
18 102
21 109
266
84
21 102
24 116
261
83
0 105
5 110
257
83
5 105
9 110
259
83
15 109
19 113
260
83
0 110
4 128
255
82
4 110
7 117
256
82
4 118
15 125
254
81
15 113
20 124
252
80
20 116
23 121
253
80
20 121
23 133
248
79
15 124
18 129
251
79
4 125
7 139
244
78
7 125
10 137
245
78
18 124
20 138
247
78
10 125
12 139
246
78
12 125
15 134
249
79
0 128
3 136
250
79
20 133
24 139
243
78
15 129
18 150
242
77
0 136
4 147
241
77
4 139
9 147
240
77
0 147
7 152
239
77
9 139
15 145
238
76
18 139
21 161
237
75
9 145
14 152
235
75
14 150
18 156
236
75
21 139
24 162
233
74
0 152
6 160
232
74
6 152
14 156
231
74
6 156
9 163
234
74
9 156
18 163
228
73
0 160
4 172
230
73
4 163
11 168
229
73
11 163
21 170
226
72
4 170
14 176
227
72
21 162
24 179
224
71
14 170
16 180
225
71
16 170
20 181
223
70
0 176
6 184
219
69
6 176
9 188
222
69
9 176
13 184
221
69
13 181
18 186
220
69
20 179
22 201
218
68
0 184
3 195
215
68
3 184
6 192
216
68
9 184
12 190
217
68
12 186
15 205
214
67
15 186
19 194
213
67
0 195
12 200
209
66
15 194
19 202
210
66
22 179
24 190
212
66
0 200
3 205
211
66
3 200
7 221
207
65
7 200
10 215
208
65
19 201
24 207
206
65
15 202
19 222
203
64
0 205
3 223
205
64
10 205
15 212
201
64
19 207
24 213
202
64
10 212
14 216
204
64
19 213
22 221
200
63
7 216
12 220
199
63
7 220
11 226
197
62
12 216
15 222
198
62
11 222
23 227
193
61
0 223
6 229
194
61
6 226
8 241
195
61
8 226
10 237
196
61
10 227
13 250
191
60
13 227
18 234
190
60
18 227
21 233
192
60
0 229
4 244
189
59
18 233
24 241
188
59
13 234
17 241
185
58
4 241
9 246
184
58
13 241
16 247
186
58
16 241
19 246
187
58
0 246
10 251
179
57
16 246
23 252
180
57
13 247
16 259
181
57
10 250
12 259
182
57
0 251
2 255
183
57
0 255
10 261
174
56
16 252
18 273
177
56
18 252
22 258
175
56
22 252
24 263
178
56
18 258
21 263
176
56
10 259
15 264
173
55
0 261
10 267
171
54
18 263
22 268
172
54
10 264
15 275
169
53
22 263
24 284
170
53
0 267
6 277
164
52
6 267
9 286
165
52
18 268
20 292
167
52
20 268
22 286
168
52
15 273
18 280
166
52
9 275
12 293
163
51
0 277
4 288
162
51
12 280
16 302
159
50
0 288
9 295
158
50
20 286
24 295
160
50
16 280
18 290
161
50
0 295
11 300
153
49
16 295
23 302
154
49
0 300
6 307
155
49
6 300
8 306
156
49
8 300
10 304
157
49
10 302
13 325
150
48
13 302
16 316
151
48
16 302
19 308
152
48
19 302
24 314
148
47
0 307
7 315
147
47
16 314
21 324
149
47
0 315
10 320
143
46
0 320
4 331
145
46
21 314
24 321
146
46
4 320
9 324
144
46
4 324
9 334
142
45
13 324
19 330
141
45
19 324
23 330
140
44
9 330
20 337
137
43
20 330
22 354
139
43
0 331
4 341
138
43
4 334
9 346
136
42
9 337
17 345
133
41
9 345
20 349
132
41
0 341
3 351
135
41
3 346
7 350
134
41
7 349
12 355
129
40
12 349
18 354
128
40
3 350
7 356
130
40
22 330
24 337
131
40
12 354
21 360
126
39
22 337
24 349
127
39
0 351
3 363
123
38
7 355
11 363
122
38
21 354
24 359
124
38
3 356
5 361
125
38
11 360
17 368
117
37
17 360
22 368
118
37
3 361
6 371
120
37
6 363
11 369
119
37
0 363
3 372
121
37
11 368
14 382
116
36
14 368
23 375
113
35
6 369
10 380
115
35
0 372
6 379
114
35
0 380
11 387
110
34
14 375
17 388
112
34
17 375
22 381
111
34
17 381
21 393
106
33
0 387
7 393
105
33
7 387
11 393
107
33
21 381
24 386
108
33
11 382
13 387
109
33
21 386
24 408
103
32
0 393
12 398
101
32
12 388
17 394
102
32
17 393
20 397
104
32
12 397
21 402
99
31
0 398
3 403
100
31
3 398
7 404
97
30
7 398
9 404
98
30
9 402
19 406
94
29
19 402
21 409
95
29
0 403
2 409
96
29
2 404
6 426
93
28
6 406
10 417
92
27
10 406
13 425
88
26
13 406
19 415
87
26
21 408
24 419
89
26
13 415
16 425
90
26
0 409
2 418
91
26
16 415
21 423
86
25
6 417
10 425
82
24
0 418
2 434
85
24
21 419
24 428
83
24
16 423
19 429
84
24
6 425
16 431
81
23
19 428
24 438
76
22
2 426
4 446
80
22
4 431
8 439
77
22
16 429
19 438
78
22
8 431
11 435
79
22
11 431
14 453
72
21
14 431
16 452
75
21
16 438
20 446
71
21
20 438
24 444
68
20
8 435
11 442
73
21
4 439
7 446
74
21
7 442
10 464
69
20
0 446
7 453
67
20
16 446
23 453
66
20
0 453
3 469
70
20
10 453
21 460
63
19
10 460
16 466
64
19
3 453
7 475
61
18
7 466
19 472
60
18
21 453
24 472
62
18
0 469
3 485
65
19
7 472
12 482
56
17
19 460
21 475
59
17
12 472
16 483
53
16
16 472
19 478
58
17
3 475
7 497
52
16
19 475
23 479
57
17
16 478
19 485
55
16
19 479
23 484
54
16
7 485
19 491
48
15
7 491
18 496
49
15
19 484
22 492
51
15
0 485
3 493
50
15
18 492
24 497
47
14
0 493
3 513
46
13
7 496
13 504
44
13
13 496
18 503
45
13
13 503
20 507
43
13
3 497
7 519
41
12
7 504
12 514
40
12
12 507
18 514
39
12
20 497
24 504
42
12
20 504
23 521
35
11
18 507
20 515
37
11
0 513
3 518
36
11
7 514
9 518
38
11
9 514
13 535
34
10
13 514
17 538
32
9
0 519
9 526
31
9
17 515
20 532
33
9
20 521
24 530
27
8
0 526
2 543
29
8
2 526
6 534
28
8
6 526
8 530
30
8
6 530
9 549
24
7
20 530
23 549
23
7
9 538
14 547
22
7
17 532
20 539
25
7
2 534
5 540
26
7
14 538
17 551
20
6
17 539
20 546
21
6
2 540
6 545
19
6
0 549
10 556
15
5
17 546
20 568
17
5
10 547
14 556
16
5
20 549
22 560
18
5
0 556
4 578
10
4
4 556
8 563
11
4
22 549
24 563
14
4
14 551
17 560
12
4
8 556
11 563
13
4
4 563
12 567
8
3
12 560
15 568
9
3
4 568
13 573
4
2
20 563
23 573
5
2
15 560
17 566
7
2
4 573
12 578
2
1
13 568
19 578
3
1
0 578
11 585
1
1
11 578
22 585
0
1
22 573
24 584
6
2
