36
0 0
4 25
103
71
4 0
10 8
102
71
10 0
18 8
101
70
18 0
34 7
99
69
18 7
26 25
100
69
4 8
16 15
98
68
4 15
18 22
96
67
26 7
29 30
97
67
0 25
15 30
94
66
15 25
24 30
95
66
29 7
35 19
93
65
0 30
9 42
91
64
9 30
17 46
90
63
29 19
33 54
86
61
17 30
26 44
89
63
0 42
5 55
88
62
5 46
19 50
87
62
19 44
29 58
85
61
5 50
10 59
84
60
10 50
19 63
83
59
19 58
29 72
82
58
33 19
36 44
92
64
29 54
33 77
79
56
0 59
9 66
78
55
33 44
36 64
80
56
9 63
15 74
81
57
0 66
8 82
77
54
15 72
25 82
75
52
0 82
15 89
76
53
33 64
36 82
74
51
15 82
26 87
73
50
26 72
29 101
69
47
0 89
17 96
72
49
0 96
12 100
71
48
29 82
36 91
67
46
0 100
17 108
66
45
17 87
21 113
68
46
21 87
23 120
65
44
23 87
26 115
64
43
29 91
32 120
63
42
0 108
9 114
62
41
32 91
35 113
61
40
9 108
15 124
60
40
26 101
29 126
70
47
0 124
15 129
58
39
15 113
21 122
59
39
15 122
25 137
56
37
32 113
36 145
57
38
25 126
31 138
55
36
0 129
6 143
54
35
6 129
13 144
53
34
13 138
26 143
52
34
13 143
29 150
50
33
0 144
13 151
51
33
29 138
32 158
49
32
13 150
22 165
47
31
32 145
35 179
48
31
0 151
8 171
45
30
22 150
27 165
46
30
8 165
23 171
44
29
27 150
29 184
43
28
0 171
12 178
41
27
23 165
27 183
42
27
12 171
17 189
39
25
0 178
10 192
40
26
29 179
36 190
38
25
17 183
26 197
36
24
10 189
15 207
37
24
26 190
33 200
35
23
15 200
30 204
34
23
0 192
10 199
32
22
33 190
35 219
33
22
0 199
10 216
31
21
15 204
22 222
29
20
22 204
27 214
30
20
30 200
32 224
24
16
27 204
30 228
28
19
0 216
12 223
26
18
12 222
23 228
27
18
23 214
27 230
25
17
0 223
9 237
20
14
9 228
16 238
22
15
16 230
30 237
23
16
16 237
27 242
19
13
0 238
12 244
18
12
32 219
36 255
17
11
12 242
25 250
16
11
30 224
32 254
21
14
0 244
9 253
15
10
27 237
30 269
14
9
9 250
22 258
12
8
0 253
8 263
13
8
22 250
25 284
11
7
30 255
35 272
10
7
8 258
18 274
9
6
0 274
16 281
8
6
18 258
22 285
7
5
0 281
18 287
6
5
25 272
34 282
4
4
25 282
28 300
5
4
0 287
17 293
3
3
0 293
10 299
2
2
28 282
36 298
0
1
17 287
25 302
1
1
