36
0 0
3 29
146
100
3 0
7 32
141
97
7 0
10 29
143
99
10 0
23 7
145
100
23 0
26 20
144
99
10 20
26 25
142
98
26 0
29 29
140
96
10 25
26 29
139
96
29 0
33 34
138
95
7 29
16 42
136
94
16 29
23 49
135
93
0 42
14 48
133
92
23 29
29 37
137
94
33 0
35 21
134
92
0 48
15 53
131
91
23 37
32 43
132
91
23 43
32 55
130
90
33 21
36 49
129
89
0 53
13 59
128
88
13 55
27 63
127
87
32 49
35 71
126
86
27 55
31 90
125
85
0 59
3 83
124
84
3 59
11 69
123
83
11 63
19 78
121
82
19 63
24 79
120
81
24 63
27 93
119
80
3 78
16 83
118
79
31 71
34 97
122
82
16 79
24 83
117
78
0 83
15 88
115
77
15 83
21 91
116
77
34 71
36 89
114
76
0 91
16 97
112
75
21 83
24 113
113
75
24 93
30 112
111
74
0 97
7 112
110
74
16 91
20 111
109
73
7 97
13 117
105
70
13 97
16 115
108
72
30 97
33 115
106
71
0 112
7 130
107
72
33 97
36 127
104
69
16 113
26 121
103
68
7 117
15 135
102
67
15 121
31 129
100
66
31 115
33 151
101
66
15 129
24 137
99
65
0 135
11 142
97
64
24 129
31 138
98
64
11 137
17 152
96
63
17 138
26 147
94
62
33 127
35 157
95
62
17 147
30 152
92
61
0 142
3 162
93
61
3 142
8 152
91
60
3 152
9 162
90
60
9 152
22 157
89
59
9 157
26 163
87
58
26 152
32 161
88
58
26 161
36 176
86
57
0 163
16 168
85
56
0 168
17 174
83
55
17 163
20 195
75
50
20 163
23 191
84
55
0 174
7 185
81
54
7 174
13 185
82
54
23 176
30 193
80
53
30 176
36 194
79
52
0 185
14 192
77
51
0 192
6 201
78
51
20 194
35 199
73
49
14 174
17 196
76
50
6 196
18 204
74
49
18 199
21 229
71
48
21 199
23 232
72
48
0 204
18 212
69
47
23 199
26 220
70
47
26 199
35 214
68
46
0 212
10 222
67
46
10 212
14 223
66
45
0 223
14 228
64
44
26 214
35 230
63
43
14 212
18 230
62
42
23 220
26 248
60
40
0 228
4 248
65
44
4 228
7 255
61
41
7 228
10 260
58
39
10 228
13 250
59
39
13 230
17 260
56
38
17 230
21 257
57
38
26 230
36 249
55
37
21 249
35 255
54
36
17 257
33 264
52
35
0 248
4 264
53
35
4 260
14 264
51
34
0 264
4 280
50
33
4 264
13 277
48
32
33 255
36 286
49
32
13 264
28 270
47
31
13 270
25 277
45
30
28 264
30 295
46
30
30 264
33 289
43
28
25 270
28 296
44
29
4 277
18 284
41
27
18 277
20 303
42
27
0 284
10 291
40
26
10 284
18 302
38
25
20 277
23 305
39
25
23 277
25 306
37
24
0 291
9 311
36
23
33 286
35 303
35
22
9 306
25 314
34
22
30 289
33 316
33
21
25 296
29 330
31
20
0 311
6 322
32
21
6 314
14 327
30
20
33 303
36 336
29
19
14 314
21 326
28
19
21 314
23 331
27
18
29 316
32 340
25
17
0 322
4 340
24
17
14 326
20 341
23
16
4 327
7 347
26
18
20 331
29 341
22
16
7 327
12 338
20
15
12 327
14 349
21
15
14 341
32 348
18
14
14 348
30 354
19
14
0 347
8 355
16
13
30 348
35 360
17
13
8 338
12 370
14
12
12 354
16 378
15
12
16 354
19 379
12
11
19 354
22 371
13
11
22 354
25 382
11
10
0 355
7 374
10
9
0 379
17 384
9
8
25 354
28 388
8
7
28 360
34 375
7
6
0 384
13 390
6
6
19 371
22 401
5
5
0 390
15 397
3
4
28 375
32 392
4
5
32 375
36 404
2
3
15 384
19 399
1
2
22 382
25 405
0
1
