23
0 0
6 7
54
20
6 0
9 22
51
18
9 0
13 7
55
21
13 0
21 8
53
19
0 7
3 21
47
17
3 7
6 20
48
17
21 0
23 19
52
18
9 8
15 18
45
17
15 8
21 15
50
18
9 18
18 26
42
16
18 15
21 19
49
17
0 21
6 28
46
17
18 19
22 28
43
16
6 22
9 45
34
13
9 26
14 32
40
15
14 26
17 32
44
16
0 28
3 47
36
14
9 32
19 39
33
13
3 28
6 34
38
14
19 28
21 36
39
14
21 28
23 34
41
15
3 34
6 45
37
14
9 39
20 44
28
12
20 36
23 43
35
13
9 44
14 54
29
12
20 43
23 54
31
12
14 44
18 48
30
12
18 44
20 50
32
12
3 45
9 54
27
11
14 48
18 70
25
10
0 47
3 58
26
10
3 54
14 59
24
9
0 59
7 63
21
8
18 54
23 66
19
7
7 59
9 64
23
8
0 63
6 69
22
8
9 59
13 68
20
7
6 64
8 86
18
6
18 66
20 89
17
6
8 68
14 74
14
6
0 69
6 75
15
6
8 74
14 79
16
6
20 66
23 87
12
5
8 79
15 86
11
5
15 70
17 77
13
5
0 75
6 86
10
4
0 86
9 93
6
3
9 86
13 94
7
3
15 77
18 86
8
3
13 86
15 97
9
3
15 89
19 102
5
2
0 93
7 98
4
2
0 98
11 103
0
1
19 89
23 96
1
1
19 96
22 103
2
1
11 97
14 102
3
1
