24
0 0
5 8
197
75
5 0
7 12
201
75
7 0
10 11
200
75
10 0
14 6
199
75
14 0
21 4
196
74
10 6
21 10
193
73
0 8
4 18
198
75
10 10
14 20
194
73
14 10
18 18
195
73
18 10
24 18
192
72
4 12
10 16
189
71
4 16
7 20
191
71
14 18
19 28
186
70
0 18
4 27
188
70
7 16
10 20
190
71
19 18
24 22
187
70
4 20
10 25
185
70
10 20
14 39
182
69
19 22
22 42
183
69
4 25
10 33
181
69
22 22
24 37
184
69
14 28
19 36
178
68
0 27
2 35
180
68
2 33
10 37
177
68
14 36
19 42
179
68
0 37
6 48
174
67
6 39
13 47
173
67
13 42
22 47
172
67
6 47
11 53
175
67
11 47
14 55
176
67
14 47
17 70
170
66
0 53
10 58
168
66
17 47
20 59
171
66
0 58
8 62
169
66
0 62
10 69
167
65
22 37
24 46
166
64
20 47
23 69
165
63
10 55
13 71
162
62
17 59
20 73
163
62
0 69
3 80
164
62
3 71
11 75
161
62
11 73
20 78
158
61
20 69
24 74
159
61
20 74
22 81
160
61
3 75
6 98
157
60
6 75
10 82
156
60
10 78
15 83
155
60
15 78
19 100
152
59
0 80
3 92
153
59
22 74
24 79
154
59
19 81
23 92
148
58
6 83
15 87
147
58
6 87
9 98
149
58
9 87
12 93
150
58
12 87
15 92
151
58
0 98
8 105
146
57
19 92
23 109
145
56
12 92
15 106
144
55
0 105
7 111
143
54
8 98
12 108
141
53
15 100
19 108
142
53
7 108
13 113
140
53
13 108
16 127
139
52
16 109
20 114
138
52
0 113
11 120
135
51
20 109
24 126
137
51
0 120
6 126
136
51
0 126
11 131
134
50
16 114
20 133
130
49
20 126
23 138
131
49
11 113
13 129
133
49
13 127
16 132
132
49
0 131
8 138
126
48
11 129
13 134
129
48
8 131
11 139
125
47
13 133
18 139
128
48
0 138
6 145
127
48
6 139
13 145
124
47
18 138
24 143
123
46
13 139
17 150
121
45
17 143
19 150
122
45
19 143
22 164
119
44
0 145
9 152
117
44
9 145
12 159
120
44
12 150
16 155
118
44
0 152
4 176
112
43
4 152
8 163
113
43
16 150
19 163
116
43
12 155
16 163
114
43
8 159
12 166
115
43
12 163
19 171
110
42
4 166
11 172
111
42
19 164
22 186
108
41
4 172
13 178
105
41
22 143
24 153
109
41
13 171
16 193
104
40
0 176
4 199
101
39
4 178
9 184
107
41
16 171
19 182
102
39
4 184
9 195
106
41
9 178
12 186
103
39
22 153
24 176
99
38
16 186
22 192
98
38
22 176
24 189
100
38
16 192
24 198
94
37
9 186
13 197
96
37
4 195
9 201
95
37
13 193
16 202
97
37
0 201
12 208
93
36
12 202
23 208
89
35
0 208
3 212
87
34
3 208
7 213
90
35
7 208
9 213
92
35
9 208
12 232
82
33
12 208
14 229
88
34
14 208
18 217
85
34
18 208
21 227
91
35
0 213
4 220
86
34
21 208
24 222
78
31
4 213
8 230
84
34
14 217
16 238
83
33
0 220
4 229
81
33
16 217
18 224
80
32
0 232
11 237
76
31
21 222
24 235
79
31
16 227
19 245
77
31
0 237
9 244
72
30
19 227
21 240
75
30
11 232
14 239
73
30
0 244
11 249
71
30
21 235
24 241
74
30
11 239
15 245
70
29
11 245
23 252
68
28
0 249
4 255
69
28
4 249
8 267
66
27
8 249
11 266
67
27
11 252
17 258
65
27
17 252
19 269
64
26
11 258
17 267
62
25
19 252
23 258
63
25
0 255
4 276
60
24
4 267
12 274
59
24
19 258
21 266
61
24
12 269
19 277
58
23
19 266
23 275
55
22
4 274
8 281
56
22
8 274
11 283
57
22
19 275
21 288
54
21
11 277
19 285
50
20
0 276
4 286
51
20
21 275
24 297
53
21
4 281
8 288
52
20
8 285
13 289
49
19
13 285
18 292
48
18
0 289
12 296
44
17
18 288
21 305
46
17
12 292
14 312
47
17
14 292
18 297
45
17
0 296
3 313
42
16
3 296
5 315
43
16
5 296
9 301
41
16
14 297
18 302
40
16
5 301
9 318
36
15
14 302
18 313
37
15
9 296
12 304
39
15
21 297
24 305
38
15
9 304
12 309
35
14
18 305
21 321
34
13
9 312
13 317
33
13
13 313
17 332
31
12
21 305
24 322
32
12
0 318
10 322
29
12
0 322
8 327
30
12
8 322
13 333
25
11
17 321
20 335
26
11
0 327
8 334
24
11
20 322
22 343
28
11
13 332
16 337
27
11
0 334
12 338
23
10
12 337
19 345
21
9
0 338
12 346
17
8
19 343
22 352
22
9
12 345
16 353
12
5
0 346
4 355
18
8
22 322
24 330
20
8
22 330
24 338
19
8
22 338
24 351
16
7
16 345
19 353
14
6
4 346
7 352
13
5
7 346
11 362
11
5
22 351
24 356
15
6
11 353
22 359
10
4
11 359
20 366
7
3
4 352
7 361
8
3
0 355
3 360
9
3
0 362
11 369
6
3
20 359
24 377
5
2
11 366
17 370
3
2
0 369
8 377
2
2
8 370
12 377
0
1
12 370
17 374
4
2
17 366
20 374
1
1
