24
0 0
4 21
601
199
4 0
9 10
600
199
9 0
20 4
598
198
9 4
15 9
599
198
20 0
24 7
597
197
15 4
20 8
596
196
15 8
20 18
594
195
4 10
14 14
592
195
4 14
10 19
593
195
20 7
23 15
595
195
10 14
13 33
589
194
20 15
23 30
590
194
13 18
19 25
587
194
4 19
10 25
588
194
0 21
2 34
591
194
2 25
10 30
583
193
13 25
15 43
586
193
15 25
18 37
584
193
2 30
5 36
585
193
5 30
9 48
581
192
9 43
19 48
579
192
19 30
22 42
582
192
0 48
7 53
580
192
7 48
17 53
577
191
22 30
24 34
578
191
0 53
12 60
572
190
12 53
22 60
573
190
0 60
3 82
575
190
22 34
24 56
576
190
3 60
7 67
574
190
7 60
12 70
568
189
12 60
17 67
569
189
17 60
21 68
570
189
22 56
24 68
571
189
12 67
17 77
564
188
17 68
22 76
565
188
3 67
6 75
567
188
6 70
10 76
566
188
3 76
12 84
561
187
12 77
24 82
560
187
12 82
17 92
563
187
0 84
8 89
562
187
17 82
21 91
557
186
0 89
5 95
556
186
21 82
24 87
559
186
8 84
11 97
558
186
21 87
24 105
554
185
5 89
7 98
555
185
11 92
21 100
549
184
0 98
9 104
550
184
9 97
11 109
552
184
11 100
13 108
553
184
13 100
16 104
551
184
13 105
24 109
548
183
0 104
5 112
546
182
5 104
7 117
547
182
7 109
13 113
545
182
13 109
16 129
543
181
16 109
21 121
540
181
0 112
4 125
541
181
21 109
23 118
544
181
7 113
11 117
542
181
4 117
8 126
538
180
8 117
11 124
539
180
0 126
11 132
536
179
21 118
24 127
537
179
11 113
13 137
535
178
16 121
21 127
534
178
13 129
22 136
530
177
0 132
3 150
532
177
3 132
7 136
531
177
22 127
24 131
533
177
7 132
11 138
528
176
3 136
6 142
529
176
13 136
17 147
527
175
17 136
22 148
522
174
6 138
10 145
523
174
10 138
13 146
524
174
22 131
24 139
526
174
3 142
6 147
525
174
3 147
15 153
517
173
0 153
11 159
518
173
15 148
23 153
519
173
11 153
13 171
509
170
13 153
19 158
520
173
19 153
24 158
521
173
13 158
22 164
514
172
0 159
6 164
515
172
22 158
24 169
516
172
6 159
9 168
512
171
0 164
3 172
513
171
3 164
6 188
507
170
9 159
11 171
510
170
13 164
16 170
508
170
16 164
18 168
511
170
13 170
24 175
503
169
6 168
8 189
506
169
8 171
11 181
504
169
0 172
3 177
505
169
11 175
21 182
500
168
8 182
14 188
501
168
8 188
19 195
493
166
21 175
23 191
502
168
0 188
5 195
498
167
19 191
24 196
499
167
5 189
8 210
495
166
0 195
3 214
496
166
8 195
18 200
494
166
18 196
21 201
497
166
21 196
24 218
491
165
8 200
13 206
489
165
13 200
17 207
490
165
3 195
5 201
492
165
8 207
18 214
487
164
0 214
10 221
488
164
18 201
21 225
482
163
0 221
11 226
486
164
11 214
14 233
483
163
14 214
17 225
484
163
14 225
18 233
481
163
0 226
9 231
478
162
18 225
24 232
479
162
0 231
6 237
480
162
6 231
9 240
477
161
9 233
16 241
472
160
18 232
23 240
473
160
16 233
18 241
485
163
0 237
3 247
475
160
3 240
7 246
474
160
18 240
21 247
476
160
7 241
11 262
469
159
21 240
24 249
470
159
11 241
14 245
471
159
14 241
18 247
468
158
3 246
7 258
466
157
11 245
13 261
467
157
0 247
2 269
465
156
13 249
24 253
464
156
13 253
17 264
463
155
17 253
23 258
462
155
2 258
5 264
461
154
17 258
23 264
459
154
5 262
9 271
460
154
9 262
13 272
455
153
13 264
18 272
454
153
2 264
5 273
456
153
18 264
21 272
457
153
21 264
24 271
458
153
5 272
14 278
449
152
14 272
19 281
451
152
19 272
24 281
450
152
0 273
5 279
452
152
5 278
7 286
453
152
7 278
11 289
447
151
11 278
13 283
448
151
13 281
23 287
444
150
0 286
7 293
445
150
11 287
23 291
443
150
7 289
9 301
446
150
9 289
11 313
441
149
11 291
13 311
434
146
13 291
18 297
440
149
18 291
20 304
442
149
20 291
23 314
439
148
0 293
5 298
438
148
0 301
9 307
435
147
0 307
8 313
436
147
13 297
17 306
437
147
13 306
18 313
433
146
0 313
7 319
431
145
18 304
20 312
432
145
7 313
13 322
428
144
13 313
17 324
429
144
18 312
20 325
430
144
20 314
24 331
426
143
0 319
4 323
427
143
4 322
8 338
423
142
8 324
18 330
421
142
8 330
13 336
422
142
0 323
4 330
424
142
0 330
3 334
425
142
13 331
23 338
417
141
0 334
4 344
418
141
8 336
12 343
419
141
12 338
17 346
410
138
4 338
7 346
420
141
17 338
20 343
416
140
7 343
12 353
412
139
20 338
22 356
414
139
17 343
20 354
413
139
0 344
3 352
411
138
3 346
6 368
409
137
12 346
15 362
408
136
6 353
12 364
406
136
22 338
24 350
415
139
15 354
20 359
407
136
20 356
24 368
403
135
15 359
19 370
404
135
6 364
12 371
402
135
0 368
4 373
405
135
19 368
23 377
401
134
4 371
12 375
400
134
12 370
16 377
398
133
16 370
18 375
399
133
0 373
2 397
397
132
2 375
8 382
396
132
8 377
15 382
395
132
16 375
19 384
394
131
2 382
12 389
392
130
19 377
24 386
393
130
12 382
15 395
388
129
15 386
22 391
387
129
2 389
5 400
389
129
5 389
8 399
390
129
22 386
24 396
391
129
8 389
12 400
384
128
15 391
18 398
385
128
18 391
21 396
386
128
18 396
22 407
381
127
12 395
15 409
382
127
22 396
24 410
383
127
0 400
11 406
379
126
15 398
18 402
380
126
0 406
8 411
375
125
15 407
22 412
376
125
8 406
12 413
377
125
12 409
14 419
378
125
0 411
8 415
372
124
14 412
18 417
373
124
22 410
24 418
374
124
0 415
10 423
368
123
10 419
21 424
367
123
21 418
24 431
369
123
0 423
2 432
370
123
2 423
4 432
371
123
4 423
7 437
364
122
7 424
11 433
363
122
11 424
14 433
365
122
14 424
16 435
366
122
16 424
19 441
361
121
19 431
22 441
362
121
7 433
14 440
359
120
0 432
3 444
360
120
3 437
6 454
357
119
6 440
16 445
355
119
16 441
19 455
358
119
19 441
23 451
356
119
6 445
11 451
353
118
0 444
2 449
354
118
6 451
12 458
349
117
12 445
16 454
351
117
19 451
24 456
350
117
0 449
3 454
352
117
12 456
22 464
344
116
0 454
3 478
346
116
3 454
6 475
347
116
6 458
10 463
345
116
6 463
9 468
348
116
9 463
12 483
343
115
12 464
23 468
342
115
12 468
16 476
341
114
6 468
9 490
337
113
12 476
24 481
336
113
3 475
5 495
339
113
0 478
3 484
338
113
12 481
16 502
334
112
16 481
20 492
335
112
5 490
10 498
333
112
20 481
24 488
329
111
0 484
3 492
330
111
10 483
12 495
340
113
20 488
22 499
332
111
0 492
3 499
331
111
3 498
12 505
327
110
16 492
19 502
328
110
0 499
3 518
325
109
19 499
22 513
323
108
12 502
16 507
324
109
3 505
7 520
322
108
16 502
19 511
326
109
7 507
15 512
321
108
15 511
18 526
319
107
7 512
10 526
320
107
10 512
15 520
316
107
18 513
22 521
317
107
0 520
4 525
318
107
22 488
24 498
315
106
0 526
8 532
313
105
10 520
13 525
314
105
8 526
20 533
312
104
0 533
12 540
309
103
20 521
24 532
310
103
20 532
24 540
311
103
0 540
11 547
306
102
12 533
17 543
307
102
17 533
19 539
308
102
17 540
21 558
303
101
0 547
9 555
301
101
0 555
9 559
302
101
21 540
23 554
304
101
11 543
13 553
305
101
9 558
18 566
298
100
0 559
7 567
299
100
21 554
23 559
300
100
18 558
21 581
295
99
21 559
24 571
296
99
7 566
11 573
294
99
11 566
14 575
297
99
0 573
8 581
289
98
14 566
18 581
292
98
8 575
13 583
290
98
0 581
5 588
291
98
21 571
23 576
293
98
5 583
17 590
286
97
17 581
24 589
287
97
0 588
4 595
288
97
17 589
20 608
283
96
20 589
24 600
282
96
4 590
7 599
284
96
7 590
10 595
280
95
10 590
12 596
285
96
12 590
15 599
279
94
0 599
7 605
275
93
7 599
17 603
274
93
20 600
24 622
281
96
7 603
12 610
277
93
0 605
6 610
276
93
12 603
16 608
278
93
0 610
10 617
272
92
12 608
20 614
273
92
10 614
13 633
271
91
13 614
16 628
269
90
0 617
5 624
267
90
5 617
10 622
268
90
16 614
18 621
270
90
13 628
24 634
262
89
5 622
8 633
265
89
0 624
4 631
264
89
0 631
5 636
263
89
5 633
8 637
266
89
8 634
17 638
261
88
17 634
21 654
260
87
21 634
24 655
259
86
0 638
9 643
257
86
9 638
15 644
258
86
0 643
3 666
254
85
3 643
7 649
252
85
7 644
10 651
255
85
10 644
14 649
253
85
14 644
17 650
256
85
3 649
6 672
250
84
10 650
16 659
248
84
16 655
23 661
247
84
6 659
11 666
249
84
11 659
13 668
251
84
13 661
24 668
244
83
6 668
14 675
245
83
0 666
3 680
246
83
14 668
17 679
243
82
3 675
11 682
239
81
17 668
24 675
240
81
11 679
22 683
238
81
0 680
3 687
242
81
3 682
6 689
241
81
6 682
11 689
235
80
11 683
14 690
236
80
14 683
17 689
237
80
0 689
11 695
231
79
17 683
20 704
233
79
11 690
17 695
232
79
20 683
23 689
234
79
0 695
9 703
228
78
0 703
12 709
227
78
20 689
24 699
229
78
12 695
15 704
230
78
12 704
20 710
226
77
0 709
5 715
225
76
5 709
10 716
222
75
20 699
23 703
223
75
20 703
22 708
224
75
20 708
23 730
214
71
10 710
20 716
220
74
0 715
2 724
221
74
2 716
12 721
217
73
12 716
14 735
219
73
14 716
17 720
218
73
2 721
10 727
216
72
0 727
11 731
211
71
14 720
18 729
213
71
14 729
19 739
212
71
19 730
21 745
215
71
0 731
4 744
209
70
4 731
9 740
208
70
21 730
24 738
210
70
9 731
12 744
207
69
21 738
24 758
206
68
12 739
16 750
204
68
4 740
8 748
205
68
0 748
12 755
200
67
12 750
18 761
201
67
0 755
6 763
202
67
18 745
21 752
203
67
6 755
12 762
195
66
18 758
22 768
196
66
12 761
16 769
197
66
6 762
9 772
198
66
22 758
24 765
199
66
9 762
12 784
194
65
0 763
4 768
193
65
16 761
18 779
192
64
0 768
4 775
191
64
18 768
23 773
190
64
4 772
9 777
189
64
18 773
23 784
186
63
0 777
5 785
187
63
12 769
15 776
188
63
5 784
13 790
182
62
13 776
16 786
184
62
16 784
19 794
183
62
19 784
21 792
185
62
21 784
23 799
181
61
0 785
5 797
179
60
13 786
16 795
180
60
5 790
12 797
175
59
16 794
20 805
176
59
0 797
9 801
174
59
12 795
15 803
178
59
20 799
24 803
177
59
0 801
12 806
170
58
12 803
14 827
173
58
20 803
23 813
172
58
14 805
18 811
171
58
0 806
3 829
169
57
3 806
7 817
167
57
7 806
11 811
168
57
14 813
23 819
162
56
7 811
10 820
163
56
10 811
12 823
164
56
3 817
5 828
165
56
5 817
7 827
166
56
5 827
17 834
158
55
17 819
21 828
159
55
17 828
21 834
160
55
21 819
23 829
161
55
0 829
4 839
156
54
4 834
8 839
157
54
8 834
19 842
153
53
0 839
7 845
154
53
19 834
23 838
155
53
7 842
15 847
150
52
19 838
23 848
151
52
15 842
19 847
152
52
0 845
2 862
149
51
2 845
6 852
148
51
6 847
9 862
147
50
9 847
16 853
146
50
16 848
20 870
144
49
0 862
8 867
143
49
20 848
23 854
145
49
9 853
12 874
142
48
0 867
5 871
141
48
12 853
15 861
139
47
20 854
23 861
140
47
12 870
17 882
135
46
17 870
24 877
134
46
5 867
8 880
136
46
0 871
2 880
138
46
2 871
5 877
137
46
17 877
22 883
131
45
8 874
12 881
132
45
2 877
5 884
133
45
5 880
8 887
130
44
8 881
11 899
129
43
11 882
14 894
128
42
14 883
20 887
127
41
20 883
24 904
124
40
0 884
5 895
122
40
14 887
19 896
123
40
0 895
4 901
125
40
5 887
8 891
126
40
5 891
8 914
119
39
11 894
14 916
120
39
14 896
16 906
121
39
16 896
19 914
116
38
0 901
5 907
114
38
19 904
23 910
115
38
8 899
11 905
117
38
8 905
11 910
118
38
0 916
12 924
109
37
19 910
22 934
113
37
0 924
9 929
111
37
14 914
19 923
112
37
9 924
19 928
110
37
9 928
19 935
105
36
0 929
5 934
107
36
5 929
8 937
108
36
8 935
14 939
106
36
0 934
4 942
102
35
22 910
24 918
103
35
22 918
24 922
104
35
19 934
22 956
101
34
4 939
10 945
98
33
10 939
18 943
97
33
0 942
4 948
99
33
22 922
24 933
100
33
10 943
16 954
95
32
0 948
9 952
94
32
22 933
24 947
96
32
16 943
19 953
93
31
0 952
3 975
91
30
3 952
7 964
90
30
7 954
19 958
88
30
19 956
22 968
92
30
7 958
12 963
89
30
22 947
24 954
87
29
12 958
18 965
83
28
7 963
11 970
85
28
3 964
7 971
86
29
11 965
15 982
79
27
15 968
20 977
84
28
0 975
9 981
78
27
22 954
24 966
81
27
20 968
23 974
80
27
9 970
11 977
82
27
20 974
23 983
76
26
15 977
19 982
75
26
9 977
11 982
77
26
0 981
9 987
73
25
9 982
16 989
74
25
16 983
24 989
71
24
0 987
3 1002
72
24
3 987
7 1005
70
23
7 989
19 993
66
22
7 993
13 1000
67
22
19 989
22 1002
68
22
22 989
24 995
69
22
7 1000
16 1007
63
21
16 1002
20 1007
64
21
0 1002
3 1008
65
21
3 1007
13 1011
59
20
22 995
24 1012
61
20
13 1007
17 1014
60
20
20 1002
22 1009
62
20
17 1009
21 1030
55
19
0 1008
3 1030
57
19
3 1011
7 1016
56
19
7 1011
10 1015
58
19
10 1011
13 1030
54
18
21 1012
24 1016
52
17
13 1014
15 1018
53
17
7 1015
10 1023
51
16
0 1030
12 1035
49
15
15 1014
17 1035
50
15
17 1030
21 1053
47
14
0 1035
5 1047
46
14
21 1016
24 1032
48
14
12 1030
15 1051
43
13
5 1035
11 1041
42
13
21 1032
24 1039
44
13
21 1039
24 1045
45
13
0 1047
11 1055
38
12
21 1045
24 1068
40
12
11 1051
17 1057
39
12
17 1053
19 1059
41
12
0 1055
5 1067
35
11
5 1055
11 1064
34
11
11 1057
14 1073
36
11
0 1067
8 1072
33
11
19 1053
21 1060
37
11
14 1060
20 1067
31
10
8 1064
11 1076
32
10
14 1067
20 1079
29
9
0 1076
9 1083
28
9
9 1079
19 1084
27
9
20 1068
24 1073
30
9
20 1073
23 1079
26
8
0 1083
7 1088
23
8
19 1079
23 1086
24
8
7 1084
16 1090
22
8
0 1090
11 1095
19
7
16 1086
20 1097
21
7
11 1090
16 1095
20
7
0 1095
5 1104
18
6
5 1095
10 1107
14
5
20 1086
23 1097
25
8
10 1095
15 1103
15
5
15 1097
20 1104
16
5
20 1097
24 1103
17
5
10 1104
16 1110
13
5
16 1104
22 1113
10
4
0 1104
5 1111
11
4
5 1107
8 1111
12
4
0 1111
11 1116
5
3
22 1103
24 1120
8
3
11 1113
17 1120
6
3
17 1113
19 1120
9
3
19 1113
22 1125
4
2
0 1116
2 1124
2
1
2 1116
6 1125
3
2
6 1116
8 1124
1
1
8 1120
13 1125
7
3
13 1120
18 1125
0
1
