32
0 0
5 14
78
30
5 0
17 5
75
29
17 0
21 14
79
30
21 0
25 4
80
30
5 5
17 12
74
29
25 0
32 15
77
29
5 12
14 17
76
29
0 14
5 20
68
27
21 4
24 25
81
30
14 12
17 40
72
28
0 20
14 26
67
27
17 14
21 25
71
28
24 15
26 20
73
28
26 15
30 38
69
27
0 26
10 33
65
26
17 25
21 39
70
27
21 25
26 37
66
26
0 33
13 39
62
25
21 37
26 48
60
23
0 39
9 45
63
25
30 15
32 42
61
24
26 38
30 70
57
22
9 39
13 59
58
22
13 40
21 46
56
22
0 45
5 53
64
25
13 48
23 54
54
21
5 45
9 54
55
21
0 54
9 61
52
20
13 54
21 60
53
20
21 54
26 60
49
19
9 60
14 65
50
19
14 60
19 64
51
19
30 42
32 71
59
22
0 61
8 66
46
18
19 60
24 68
47
18
8 65
17 71
45
18
0 66
4 72
48
18
17 70
30 77
44
17
4 66
8 81
41
16
8 71
10 94
43
16
10 71
14 77
42
16
10 77
16 92
38
15
16 77
28 83
37
15
0 72
4 84
39
15
28 77
32 81
40
15
4 81
7 102
36
14
16 83
30 91
32
13
0 84
4 108
35
13
16 91
28 97
33
13
7 94
14 101
34
13
14 97
20 103
31
12
28 91
31 122
29
11
20 97
24 110
28
11
24 97
27 112
30
11
4 103
15 110
24
10
15 103
20 110
25
10
0 108
2 121
26
10
2 110
10 123
21
9
10 110
12 119
27
10
12 110
15 130
22
9
15 110
18 124
23
9
18 110
22 131
19
8
0 123
11 130
17
8
22 112
25 125
20
8
0 130
12 138
14
7
25 112
28 125
15
7
28 122
30 139
16
7
22 125
26 144
12
6
12 131
19 136
18
8
19 131
22 146
13
6
12 136
18 144
11
6
0 138
11 145
10
6
30 122
32 137
9
5
0 145
13 152
4
4
26 139
29 162
1
1
13 146
23 154
6
4
0 152
4 159
7
4
4 154
17 160
5
4
17 154
23 158
0
1
0 160
14 165
3
3
29 139
32 166
8
5
23 144
25 159
2
2
