33
0 0
3 22
43
32
3 0
9 20
40
31
9 0
21 4
42
32
21 0
25 10
41
31
9 4
18 20
39
30
25 0
32 13
35
27
18 13
33 20
34
27
3 20
6 52
38
29
6 20
11 37
36
28
11 20
15 52
37
28
15 20
29 28
32
26
15 28
20 40
33
26
20 28
33 34
31
25
20 34
32 41
29
24
0 22
3 38
30
24
15 41
23 60
28
23
6 37
9 65
27
22
9 60
23 66
26
22
0 38
3 71
25
21
23 41
33 46
24
20
23 46
32 54
23
19
23 54
27 76
22
18
3 66
20 74
20
17
27 54
33 65
21
17
0 74
18 80
18
16
18 76
30 83
19
16
0 80
17 87
17
15
17 83
25 95
16
14
0 87
14 92
15
14
30 65
32 91
14
13
25 83
27 110
13
12
0 92
9 104
12
11
27 91
33 111
11
10
9 95
24 101
10
9
9 101
13 130
9
8
13 101
16 130
8
7
16 101
25 107
7
7
0 104
3 137
6
6
3 104
7 120
5
5
16 111
32 115
4
4
16 115
25 121
3
3
25 115
32 133
2
2
3 130
19 137
1
2
19 121
23 137
0
1
