31
0 0
8 6
62
32
8 0
11 4
63
32
11 0
17 6
59
30
17 0
29 6
61
32
0 6
4 29
60
31
29 0
31 23
64
32
8 4
11 28
52
27
11 6
17 10
57
29
17 6
24 14
54
28
24 6
29 15
55
28
4 6
8 20
51
27
11 10
14 41
58
29
14 10
16 36
56
28
16 15
26 19
53
28
16 19
21 25
50
27
21 23
31 29
49
26
4 20
7 33
48
25
16 29
26 37
47
24
0 33
7 44
45
23
7 28
11 35
46
23
14 37
27 43
44
22
7 43
15 47
42
21
15 43
20 49
43
21
27 29
31 48
40
20
20 43
23 53
41
20
23 43
27 56
37
19
0 47
10 52
36
19
10 47
13 59
39
19
27 48
31 55
38
19
13 49
19 53
35
18
0 52
10 57
32
17
13 53
15 76
34
17
15 53
22 59
33
17
22 56
29 61
30
16
29 55
31 68
31
16
0 57
6 66
27
15
6 57
9 73
29
15
15 59
22 65
26
15
22 61
27 66
28
15
15 65
21 77
24
14
0 66
5 74
25
14
21 66
26 73
22
13
26 68
31 75
21
13
9 59
13 64
23
13
9 64
11 94
20
12
21 75
31 79
18
12
0 74
6 78
19
12
11 64
13 78
17
11
13 77
19 82
16
10
11 82
24 89
14
9
11 89
23 94
15
9
0 78
4 93
13
8
6 73
9 103
12
7
24 79
31 94
11
6
0 93
3 120
6
5
3 93
6 118
7
5
9 94
12 114
8
5
12 94
15 102
9
5
15 94
23 109
5
4
23 94
31 106
10
6
12 109
21 116
4
4
6 116
17 124
2
3
23 106
30 111
3
3
21 111
26 115
1
2
17 116
30 124
0
1
