23
0 0
10 5
119
44
10 0
15 7
120
44
15 0
18 9
121
44
18 0
23 9
115
43
0 5
8 10
114
43
8 7
13 12
116
43
13 9
17 32
107
40
17 9
21 15
117
43
0 10
4 15
118
43
4 10
7 30
111
42
7 12
10 22
112
42
10 12
13 18
113
42
0 15
3 30
110
41
17 15
22 22
109
41
10 18
13 26
105
39
7 22
10 27
108
40
17 22
20 27
106
39
0 30
10 37
103
38
20 22
23 29
104
38
10 26
13 47
102
37
17 29
22 37
101
37
13 32
16 55
100
36
0 37
7 45
99
36
7 37
10 56
98
35
16 37
20 46
97
35
0 45
5 50
96
35
20 37
23 59
93
34
0 50
6 57
91
34
16 46
19 52
95
34
10 47
13 57
94
34
16 52
20 60
92
34
0 57
12 63
88
33
12 60
18 68
89
33
20 59
23 67
90
33
0 63
3 81
86
32
3 63
9 70
85
32
18 60
20 68
83
30
9 63
12 69
87
32
12 68
21 73
79
30
9 69
12 75
84
31
3 70
6 79
81
30
12 73
16 83
80
30
6 70
9 75
82
30
16 73
20 94
74
29
6 75
10 95
75
29
0 81
4 93
76
29
10 83
14 88
77
29
20 73
23 83
73
28
10 88
15 95
72
27
4 79
6 84
78
29
0 95
10 102
67
25
20 83
23 99
71
26
10 95
19 99
70
26
10 99
15 111
68
25
15 99
19 108
69
25
19 99
23 103
66
24
0 102
10 110
63
23
15 108
20 120
65
23
0 110
5 120
59
22
5 111
14 115
64
23
20 103
23 120
61
22
5 115
11 121
58
22
0 120
5 125
60
22
11 115
13 124
62
22
13 120
21 128
53
21
5 121
9 133
54
21
9 124
13 134
55
21
21 120
23 134
56
21
13 128
20 134
50
19
0 125
2 129
57
21
0 129
4 138
52
20
4 133
7 156
48
18
7 134
10 144
49
18
10 134
19 139
46
17
19 134
23 155
51
19
0 138
2 156
47
17
10 139
19 147
44
16
7 147
13 153
45
16
13 147
16 152
43
15
16 147
19 165
42
14
7 153
16 157
41
14
0 156
5 168
40
13
19 155
22 172
39
12
5 156
7 168
37
11
7 157
9 164
38
11
9 157
13 170
32
10
13 157
16 165
34
10
13 165
17 170
33
10
0 168
3 174
35
10
3 168
6 173
36
10
6 168
9 186
31
9
9 170
18 175
29
9
9 175
18 179
30
9
9 179
19 185
26
8
0 174
6 180
27
8
19 172
22 178
28
8
19 178
23 189
21
7
0 180
4 189
22
7
9 185
13 191
23
7
13 185
16 194
24
7
4 180
6 184
25
7
4 184
6 204
20
6
0 189
4 210
16
5
16 185
18 205
18
5
6 186
9 191
17
5
18 189
23 195
15
5
6 191
8 197
19
5
8 191
12 197
11
3
12 194
16 200
14
4
18 195
22 206
10
3
6 197
9 204
12
3
9 200
14 204
9
3
4 204
9 216
2
1
9 204
16 212
6
2
9 212
17 217
5
2
17 206
20 218
7
2
20 206
23 213
8
2
0 210
2 216
13
3
0 216
8 222
0
1
8 217
16 222
1
1
20 213
22 218
4
1
16 218
20 222
3
1
