30
0 0
3 16
82
32
3 0
12 7
73
30
12 0
23 4
80
32
23 0
25 6
83
32
25 0
28 24
81
32
12 4
16 25
77
31
28 0
30 25
79
31
16 4
19 16
78
31
3 7
11 21
74
30
19 4
21 29
76
30
21 6
25 30
75
30
0 16
3 44
70
28
3 21
12 27
71
29
12 25
18 30
68
28
3 27
10 36
72
29
25 24
28 46
67
27
10 30
15 37
66
27
15 30
19 35
69
28
3 37
15 42
64
26
15 35
23 42
63
26
3 42
6 51
65
26
6 42
15 50
59
25
15 42
19 55
61
25
19 42
23 52
62
25
23 46
30 51
60
25
6 50
10 61
58
24
23 51
30 55
57
23
0 44
3 64
55
22
10 50
12 73
56
22
12 55
23 59
53
22
23 55
30 61
54
22
12 59
20 68
51
21
20 61
28 68
52
21
3 61
10 76
50
20
12 68
25 74
49
20
0 64
3 84
47
19
28 61
30 74
48
19
25 68
28 84
45
18
10 74
13 89
46
18
13 74
24 78
43
18
3 76
7 83
44
18
13 78
23 85
41
17
3 83
8 91
42
17
23 84
28 99
38
16
0 84
3 96
40
16
13 85
18 91
39
16
3 91
10 95
37
16
10 91
18 99
34
15
0 96
9 102
33
15
18 85
21 95
36
15
18 95
23 105
32
14
9 99
15 111
27
13
0 102
8 110
31
14
23 99
28 105
35
15
15 99
18 113
28
13
28 74
30 90
30
13
18 105
21 115
29
13
21 105
24 132
25
12
28 90
30 120
26
12
0 111
13 117
23
11
0 117
12 121
24
11
13 115
19 131
20
10
0 121
7 127
21
10
24 105
26 126
22
10
7 121
13 134
17
9
0 127
7 135
16
9
26 105
28 120
19
9
26 120
30 127
18
9
24 127
30 140
13
8
13 131
16 149
14
8
0 135
9 141
12
8
19 115
21 133
15
8
16 133
20 158
11
7
20 140
29 144
4
4
9 134
12 153
10
6
0 141
3 163
8
5
3 141
7 161
9
6
20 144
27 160
6
4
7 153
14 164
7
4
27 144
30 165
1
2
14 160
22 165
5
4
0 164
13 170
3
3
13 165
22 170
2
3
22 160
27 170
0
1
