31
0 0
16 7
149
75
16 0
29 7
150
75
0 7
3 36
151
75
3 7
16 11
148
74
3 11
19 16
147
74
19 7
24 21
146
73
3 16
16 20
145
72
3 20
11 31
144
71
11 21
25 26
141
70
25 7
29 19
142
70
25 19
28 34
143
70
28 19
31 48
140
69
11 26
16 39
139
68
16 26
19 53
138
67
19 26
22 54
137
66
22 26
25 40
136
65
3 31
10 44
135
64
0 44
14 50
134
64
22 40
28 52
133
63
28 48
31 78
125
60
0 50
15 56
131
63
22 52
25 73
127
61
0 56
9 60
129
62
15 54
22 66
132
63
9 56
15 61
130
62
0 61
12 66
126
61
25 52
28 65
128
61
0 66
6 82
124
60
6 66
13 75
122
59
13 73
23 79
123
60
6 79
17 84
121
59
0 84
15 92
120
58
23 78
29 92
117
57
17 79
23 89
118
57
15 89
21 95
119
57
0 92
15 96
116
56
29 78
31 109
115
55
21 92
27 101
114
55
0 96
8 109
113
54
8 96
15 109
110
53
27 92
29 114
112
53
15 95
21 103
111
53
0 109
15 116
108
52
21 101
26 117
109
52
0 116
13 123
105
50
15 103
17 121
107
51
17 103
20 126
106
51
20 117
29 123
103
49
0 123
5 137
94
46
13 121
17 131
104
49
5 123
13 136
101
48
20 123
30 128
100
48
17 126
20 151
98
47
20 128
25 140
102
48
5 136
12 143
97
47
25 128
27 148
99
47
27 128
31 151
95
46
13 131
16 155
96
46
0 143
11 149
91
45
20 140
25 149
92
45
11 143
13 162
93
45
16 151
29 158
88
44
0 149
7 159
89
44
13 158
18 168
90
44
7 149
10 167
87
43
18 158
28 166
86
42
0 159
7 167
84
41
29 151
31 173
82
39
18 166
22 178
85
41
22 166
27 178
83
40
0 167
8 172
81
39
8 168
16 179
80
38
27 166
29 184
79
37
0 172
4 195
78
36
16 178
27 185
77
36
4 179
16 184
76
36
4 184
8 201
74
35
29 173
31 191
75
35
8 184
14 199
73
34
14 185
27 191
71
34
14 191
24 197
72
34
24 191
28 220
68
32
14 197
22 212
66
32
0 201
7 207
65
31
0 212
15 218
63
31
0 218
13 222
64
31
15 212
22 225
62
30
22 220
28 231
67
32
28 191
30 214
70
33
28 214
31 241
69
33
0 222
11 229
61
30
11 222
14 237
60
29
14 225
17 249
59
28
17 225
20 249
58
28
0 229
10 236
57
28
20 231
27 246
55
27
0 237
13 242
54
27
27 241
30 261
56
27
0 242
3 269
53
26
3 242
7 258
52
26
7 242
13 257
51
25
13 249
27 254
50
25
13 254
17 275
48
24
17 254
21 270
49
24
21 254
27 263
47
24
3 258
13 264
46
23
17 270
31 277
44
22
3 264
10 272
45
22
10 264
13 283
36
17
0 269
3 287
43
21
3 272
7 303
41
19
13 277
28 282
40
19
13 282
20 295
37
18
7 272
10 290
38
18
7 295
22 303
34
17
28 277
31 290
39
18
22 282
27 294
35
17
0 287
3 306
42
20
22 294
31 301
32
16
3 303
14 308
31
16
22 301
28 310
33
16
0 308
13 315
29
15
28 301
31 328
30
15
14 303
20 312
28
14
13 312
22 318
27
14
0 315
9 321
26
14
22 310
26 325
25
13
0 321
15 329
23
12
15 318
22 331
21
11
22 325
28 336
24
12
0 329
4 348
22
11
4 329
12 341
19
10
12 336
28 340
18
10
28 328
31 349
20
10
12 340
27 347
15
9
4 341
9 354
16
9
9 347
14 358
17
9
14 347
21 358
14
8
21 347
27 362
12
7
0 348
4 360
13
7
27 349
30 366
9
6
4 354
7 370
10
6
7 358
10 372
11
6
10 358
13 375
8
5
13 358
20 368
6
5
20 362
27 369
7
5
13 369
28 376
5
4
0 360
4 378
4
3
4 376
14 382
2
3
14 376
23 382
3
3
23 376
29 387
1
2
29 366
31 387
0
1
