32
0 0
9 7
298
120
9 0
16 9
295
119
16 0
19 17
297
119
19 0
26 5
296
119
19 5
28 10
294
118
28 0
31 28
293
117
0 7
5 18
292
116
5 17
17 25
290
115
17 17
27 22
291
115
0 18
4 44
287
114
17 22
21 32
288
114
21 22
24 34
289
114
4 25
15 32
283
113
24 22
28 34
286
113
4 32
9 42
284
113
9 32
14 37
285
113
28 28
31 44
282
112
14 34
25 39
278
111
9 39
16 46
279
111
16 39
23 45
280
111
0 44
7 49
281
111
16 45
29 51
274
110
29 44
32 75
264
106
7 46
10 64
276
110
10 46
13 59
277
110
0 49
5 56
275
110
13 51
17 81
272
109
17 51
24 65
271
109
0 64
9 71
270
109
24 51
26 66
273
109
17 66
28 74
267
108
10 59
13 71
268
108
0 71
3 79
269
108
3 71
5 101
266
107
17 74
28 79
265
107
5 71
12 84
263
106
28 75
32 99
260
105
0 79
3 108
262
105
17 79
20 108
261
105
5 84
14 90
259
105
20 79
24 96
258
104
24 79
27 86
257
103
24 86
28 99
255
102
14 81
16 92
256
102
5 90
10 94
253
102
10 92
15 96
254
102
5 96
11 112
251
101
20 99
32 105
250
101
15 92
17 119
252
101
20 105
31 113
246
100
11 96
13 127
249
100
0 108
4 123
247
100
4 112
8 118
248
100
17 113
30 120
243
99
4 118
10 133
244
99
13 96
15 120
245
99
13 120
19 131
239
98
19 120
22 136
242
98
22 120
28 125
240
98
22 125
27 129
241
98
28 120
32 147
237
97
0 123
3 140
238
97
10 127
13 142
236
96
13 136
21 148
232
95
22 129
27 142
234
95
3 133
5 160
235
95
5 142
11 151
233
95
11 148
24 154
230
94
0 140
3 161
231
94
24 142
27 154
229
93
27 147
32 152
228
93
5 154
17 161
225
92
27 152
30 172
227
92
17 154
21 158
226
92
21 154
24 182
223
91
0 161
8 170
221
91
8 161
13 173
222
91
30 152
32 174
224
91
13 161
20 176
218
90
24 154
27 176
220
90
0 170
4 178
219
90
4 170
8 177
217
89
8 176
20 183
213
88
27 172
29 203
215
88
4 177
8 184
214
88
29 174
31 188
216
88
0 178
4 195
212
87
8 183
17 188
211
87
24 176
27 208
210
86
4 188
12 195
207
86
17 183
24 189
208
86
12 189
18 195
209
86
0 195
9 202
203
85
29 188
32 203
205
85
18 189
21 204
206
85
9 195
13 200
204
85
9 200
17 207
199
84
0 202
5 213
200
84
21 189
24 204
202
84
27 203
32 210
201
84
5 202
9 217
197
83
17 204
20 221
198
83
9 207
16 220
193
82
20 204
22 227
195
82
22 210
29 215
194
82
29 210
31 225
196
82
0 220
13 224
189
81
22 215
25 229
191
81
13 221
19 226
190
81
25 215
28 222
192
81
0 224
5 239
186
80
5 224
10 236
187
80
25 222
28 234
188
80
10 224
12 246
185
79
12 229
25 236
183
78
12 236
21 242
184
78
28 225
32 248
182
77
5 236
9 241
181
76
0 241
8 251
180
75
25 234
27 253
179
74
12 242
21 248
178
73
21 236
25 262
177
72
8 248
18 254
175
72
0 251
6 255
176
72
6 254
19 261
171
71
27 248
32 263
172
71
0 255
4 268
173
71
4 261
8 265
174
71
8 261
15 266
170
70
15 261
18 272
169
69
18 262
22 277
168
68
22 262
25 267
167
67
25 253
27 281
166
66
27 263
30 280
164
66
4 265
7 275
165
66
7 266
12 273
163
65
7 273
14 283
161
64
22 267
25 279
162
64
0 268
3 286
160
63
14 277
22 282
159
63
3 275
7 307
157
62
22 281
29 295
156
62
29 280
32 293
158
62
7 283
18 288
153
61
7 288
14 294
154
61
14 288
19 293
155
61
19 282
22 291
152
60
14 293
20 309
151
59
0 286
3 317
150
58
7 294
13 302
147
58
20 295
26 301
148
58
20 301
27 314
144
57
27 295
32 299
149
58
3 307
12 314
143
57
27 299
30 311
146
57
12 309
16 314
145
57
3 314
9 326
141
56
16 309
20 317
142
56
20 314
31 320
138
55
9 314
13 330
140
55
13 317
18 325
139
55
18 320
32 327
134
54
0 326
6 336
135
54
13 325
18 330
136
54
6 326
8 331
137
54
18 327
27 332
128
52
8 330
14 336
132
53
27 327
31 334
130
52
14 330
18 335
133
53
18 332
21 358
122
49
21 332
25 347
129
52
0 336
14 341
131
53
25 334
29 362
127
51
0 341
12 346
126
51
0 346
13 354
123
50
29 334
31 348
125
50
0 354
7 358
124
50
14 335
18 359
121
49
0 358
11 364
119
49
18 358
23 364
120
49
29 348
32 360
118
48
0 364
10 370
117
47
11 359
18 373
113
46
29 360
32 381
116
46
23 362
28 372
115
46
0 370
6 378
114
46
18 364
21 383
112
45
6 370
9 397
111
44
9 373
18 379
108
44
21 372
27 378
109
44
0 378
5 384
110
44
21 378
25 406
106
43
9 379
16 392
104
43
25 378
29 399
107
43
16 383
21 393
105
43
29 381
32 408
103
42
9 393
20 398
102
42
0 384
4 410
100
41
4 398
17 403
98
41
4 403
12 411
99
41
17 398
21 409
101
41
21 406
27 417
95
40
0 411
12 416
94
40
12 409
18 418
96
40
27 408
32 415
97
40
27 415
32 427
93
39
0 416
8 421
92
39
18 409
20 440
91
38
20 417
27 425
90
38
8 418
18 425
87
37
0 425
11 431
86
37
20 427
29 433
88
37
11 425
15 434
89
37
0 431
4 448
82
36
4 431
8 445
83
36
20 433
24 446
84
36
15 425
17 440
85
36
24 433
30 439
81
35
8 431
11 444
79
34
30 427
32 433
80
34
24 439
29 445
74
32
11 434
14 449
77
32
30 433
32 447
78
33
14 440
19 445
75
32
4 445
8 450
76
32
14 446
28 452
72
31
0 450
8 455
73
31
28 447
32 471
70
30
8 444
10 472
71
30
10 452
21 457
69
30
10 457
23 465
68
29
23 452
26 482
67
28
0 455
5 470
66
28
26 452
28 472
65
27
5 455
8 469
64
27
10 465
14 473
62
27
14 465
18 470
63
27
0 473
14 480
59
26
18 465
23 475
56
24
14 470
17 496
61
26
0 480
13 486
60
26
26 472
31 477
58
25
17 475
21 501
57
24
21 482
29 497
55
24
29 477
32 509
54
23
0 486
2 516
52
22
2 486
6 493
50
22
6 486
8 492
53
22
6 492
14 507
48
21
14 501
25 509
46
21
2 493
5 521
49
21
25 497
28 515
51
22
5 509
15 515
47
21
15 509
19 528
44
20
19 509
24 515
43
20
28 509
30 514
45
20
28 514
32 531
41
19
5 515
14 519
39
19
19 515
23 521
42
19
23 515
28 519
40
19
0 516
2 541
38
18
5 519
12 526
35
18
23 519
28 527
36
18
19 521
23 529
37
18
2 526
6 551
32
17
6 526
10 541
33
17
12 519
14 536
34
17
23 527
28 533
31
17
14 528
17 559
30
16
17 533
31 538
26
15
10 536
14 551
29
15
17 538
25 545
27
15
25 538
31 544
28
15
17 545
25 551
25
14
6 541
10 555
22
13
25 544
29 556
23
13
0 541
2 560
24
13
17 551
22 557
21
13
29 544
32 565
20
12
2 555
14 559
17
12
22 556
28 563
19
12
2 559
9 563
18
12
9 559
17 569
16
11
17 557
21 588
15
10
0 560
2 566
14
9
2 563
5 588
12
8
21 563
26 577
10
8
5 563
8 580
13
8
26 563
28 590
8
6
8 569
13 573
11
8
8 573
14 577
9
7
28 565
32 593
6
6
8 577
12 593
7
6
14 569
17 584
5
5
12 588
22 595
3
3
22 577
25 593
4
4
0 566
2 594
2
2
5 580
8 589
1
1
2 589
8 595
0
1
