31
0 0
15 7
100
50
15 0
19 18
99
49
19 0
26 5
102
50
0 7
14 13
97
49
19 5
26 17
101
50
0 13
6 26
98
49
6 13
13 28
96
48
26 0
29 24
95
47
19 17
26 31
94
46
0 28
15 35
91
45
15 31
28 38
92
45
0 35
4 56
93
45
4 38
18 44
88
44
18 38
24 47
86
43
29 0
31 16
87
43
4 44
15 51
89
44
15 47
28 52
85
43
4 51
12 56
90
44
12 52
27 60
82
42
0 56
7 68
80
41
7 60
22 66
83
42
28 24
31 52
84
42
22 60
29 74
73
37
7 66
19 73
79
41
19 66
22 88
81
41
0 73
8 79
77
40
29 52
31 74
78
40
8 73
15 79
76
39
15 73
19 91
75
38
22 74
26 97
74
37
0 79
12 86
72
37
26 74
31 85
70
36
26 85
31 95
71
36
0 86
13 94
69
35
0 94
15 98
68
35
15 91
22 98
67
34
0 98
15 105
65
33
26 95
30 108
66
33
15 98
20 110
63
32
22 97
25 115
62
31
0 105
6 109
61
31
6 105
9 119
64
32
9 105
12 117
60
30
12 110
22 115
59
30
25 108
28 136
58
29
12 115
25 119
57
29
28 108
31 136
56
28
0 119
10 125
55
28
10 119
22 125
53
27
0 125
8 130
54
27
22 119
25 150
52
26
8 125
14 140
50
26
14 125
19 133
51
26
0 140
12 146
49
25
12 140
22 146
48
24
0 146
14 154
45
23
25 136
30 148
47
23
14 146
21 153
46
23
25 148
28 178
43
22
14 153
20 167
42
22
28 148
31 173
44
22
0 154
13 161
40
21
0 161
11 165
41
21
0 165
6 179
37
20
21 150
25 167
38
20
11 161
14 181
39
20
6 165
11 181
36
19
14 167
16 196
33
17
16 167
22 175
35
18
16 175
22 190
34
18
0 181
14 188
31
16
22 167
25 181
32
16
25 178
31 187
30
15
0 188
13 196
28
15
16 190
27 196
29
15
27 187
31 216
27
14
0 196
13 204
25
14
13 196
16 216
24
13
16 196
19 218
22
12
19 196
22 216
23
12
0 204
13 211
26
14
0 211
7 218
21
12
7 216
16 221
20
11
22 196
27 209
18
10
22 209
27 219
19
10
0 221
16 226
17
9
27 216
31 243
16
8
0 226
13 234
15
7
16 219
27 226
12
6
13 226
16 238
14
6
16 226
23 237
10
5
0 234
5 248
7
4
23 226
25 255
6
3
5 234
9 246
13
6
16 237
23 253
9
5
25 226
27 253
11
5
9 234
12 257
0
1
0 248
6 261
5
3
12 238
16 253
2
2
27 243
29 256
8
4
6 246
9 261
3
2
12 253
19 262
1
2
19 256
31 262
4
3
