31
0 0
13 7
60
25
13 0
17 21
59
25
17 0
19 23
62
25
19 0
22 23
61
25
22 0
26 14
54
22
0 7
12 14
58
24
26 0
29 29
55
23
0 14
7 23
56
23
7 21
14 31
53
22
22 14
26 41
50
21
0 23
4 37
51
21
14 21
17 41
49
21
4 31
10 41
52
22
29 0
31 5
57
23
29 5
31 33
48
21
17 23
22 39
46
20
26 29
29 42
47
20
10 31
13 61
44
19
0 37
3 64
45
19
17 39
20 49
43
19
3 41
6 69
40
18
20 41
26 52
42
18
29 33
31 55
39
18
6 41
8 47
41
18
13 41
17 65
37
17
17 52
22 61
36
17
22 52
29 57
38
17
6 47
10 68
33
16
22 57
25 75
34
16
10 65
17 70
35
16
25 57
29 85
30
15
17 61
20 85
32
15
0 64
3 86
31
15
6 68
9 75
29
15
3 69
6 86
27
14
9 70
14 79
28
14
29 55
31 60
26
14
14 70
17 101
25
13
6 75
9 106
23
13
17 85
24 90
24
13
17 90
25 103
21
12
9 79
12 108
22
12
25 85
29 92
20
12
12 103
25 107
19
11
12 107
24 111
18
11
0 86
3 110
16
10
3 86
6 110
15
9
29 60
31 77
17
11
25 92
28 109
13
7
29 77
31 99
12
6
0 110
8 115
11
5
8 111
22 117
14
8
24 109
28 119
10
5
0 115
4 133
9
4
28 99
31 117
5
3
4 115
8 139
4
2
8 117
22 125
6
3
22 119
26 134
8
3
28 117
31 132
7
3
8 125
12 139
2
2
12 125
15 132
3
2
15 125
20 139
0
1
26 132
31 138
1
1
