20
0 0
3 11
50
22
3 0
9 7
51
22
9 0
13 8
49
22
13 0
18 6
45
21
13 6
17 18
47
21
3 7
7 14
44
21
18 0
20 7
40
19
7 8
13 14
48
21
0 14
10 20
43
20
17 7
20 12
42
19
17 12
20 32
39
18
10 14
13 20
41
19
13 18
17 36
46
21
0 20
7 24
37
18
7 20
10 28
38
18
0 24
5 28
36
18
10 20
13 35
35
17
0 28
4 34
28
15
4 28
10 33
34
17
17 32
20 39
33
16
4 33
6 41
32
16
6 36
17 41
29
15
0 34
4 54
27
14
4 41
14 47
30
15
14 41
20 47
31
15
4 47
14 55
26
13
14 47
18 52
25
12
18 47
20 52
21
11
14 52
18 57
23
11
0 55
6 59
20
10
18 52
20 59
19
9
6 55
9 64
24
11
9 55
14 62
18
9
14 57
18 62
22
11
9 62
20 67
15
8
0 59
6 69
16
8
6 64
8 69
13
6
8 67
11 78
14
7
11 67
15 72
17
8
15 67
18 79
11
5
18 67
20 71
10
5
0 69
2 79
12
5
2 69
8 79
7
4
18 71
20 84
5
4
11 72
14 91
2
1
0 79
4 93
8
4
4 79
8 92
1
1
8 78
11 89
9
4
14 79
17 88
6
4
17 84
20 94
3
2
14 88
16 96
4
3
8 91
14 96
0
1
