24
0 0
11 5
572
199
11 0
17 7
573
199
17 0
20 9
576
199
0 5
6 9
574
199
0 9
12 16
571
198
20 0
23 17
575
199
12 7
16 17
569
197
16 9
19 15
570
197
0 16
9 20
568
196
16 15
20 22
566
195
9 16
12 23
567
195
0 20
5 24
561
194
12 17
16 32
562
194
20 17
23 32
565
194
5 20
9 31
563
194
16 22
20 28
564
194
9 23
12 42
560
193
0 24
4 29
559
193
0 31
9 38
556
192
12 32
18 37
557
192
18 28
20 37
558
192
12 37
22 45
553
191
0 42
12 48
555
192
12 45
23 51
552
191
0 48
10 53
554
191
10 51
18 59
549
190
18 51
23 62
550
190
0 53
3 66
551
190
3 59
12 67
545
189
12 62
22 69
544
189
0 67
8 75
546
189
8 67
11 80
547
189
11 69
14 78
548
189
14 69
17 81
543
188
17 69
20 81
542
187
0 75
5 80
541
187
22 62
24 82
540
186
5 75
8 91
539
185
11 78
14 90
538
184
0 80
5 85
537
184
14 82
24 87
535
183
0 85
4 93
536
183
8 80
11 88
534
182
14 87
24 94
531
182
4 91
12 97
532
182
12 94
20 99
533
182
0 93
4 101
527
181
20 94
23 102
528
181
4 97
6 102
529
181
6 97
8 101
530
181
8 97
12 118
525
180
12 102
23 109
523
180
12 109
24 115
522
180
0 102
6 108
524
180
0 108
3 113
526
180
3 108
6 130
518
179
12 115
19 123
517
179
0 113
3 129
519
179
19 115
22 129
520
179
6 101
8 105
521
179
6 123
15 131
513
178
15 123
18 140
516
178
18 129
24 135
514
178
0 130
4 134
515
178
4 131
15 136
510
177
18 135
23 143
512
177
0 136
6 142
511
177
6 136
10 150
506
176
10 140
17 146
505
176
0 142
4 151
507
176
4 142
6 154
509
176
17 143
21 148
508
176
21 143
24 165
504
175
10 146
14 156
502
175
14 148
19 154
501
175
6 150
10 156
503
175
0 154
5 164
496
174
14 154
17 169
497
174
17 154
20 167
498
174
5 156
8 163
499
174
8 156
10 163
500
174
5 163
13 168
491
173
0 164
2 181
493
173
2 164
4 175
494
173
17 167
22 171
492
173
22 165
24 171
495
173
4 168
10 174
490
172
10 168
14 176
488
171
14 169
17 175
489
171
17 171
20 182
487
170
20 171
24 177
486
170
4 174
8 194
484
169
8 176
17 181
482
169
8 181
16 185
483
169
2 175
4 190
485
169
20 177
24 188
480
168
8 185
14 190
479
168
16 182
19 190
481
168
8 190
17 195
474
167
19 188
23 201
471
166
0 190
4 197
476
167
4 194
8 199
472
166
8 195
11 201
477
167
11 195
14 199
478
167
17 190
19 203
473
166
0 197
4 217
475
167
4 199
8 208
470
165
11 199
16 210
468
164
16 203
23 209
466
164
8 201
11 209
469
164
4 209
10 213
467
164
16 209
19 232
464
163
19 209
21 232
465
163
4 213
11 220
461
162
11 210
15 229
462
162
0 220
8 226
460
162
21 209
24 216
463
162
0 226
10 233
457
161
10 229
15 237
458
161
21 216
24 223
459
161
0 233
10 240
453
160
15 232
20 241
454
160
21 223
24 230
455
160
21 230
23 234
456
160
0 240
6 250
450
159
10 237
15 242
451
159
20 234
24 238
452
159
15 241
24 247
447
158
6 242
15 247
448
158
6 247
8 268
449
158
8 247
13 255
444
157
13 247
17 254
445
157
17 247
20 254
446
157
13 254
20 260
441
156
8 260
19 265
440
156
20 247
24 255
442
156
0 250
3 254
443
156
0 254
4 276
437
155
8 265
18 272
435
155
20 255
23 276
438
155
4 272
9 280
436
155
18 265
20 271
439
155
9 272
15 279
434
154
15 276
23 281
433
154
0 276
4 291
431
153
4 280
14 286
429
153
14 281
23 286
430
153
4 286
6 291
432
153
6 286
16 290
427
152
16 286
20 293
428
152
20 286
24 291
426
151
6 290
13 296
423
150
13 290
15 303
425
150
0 291
4 297
424
150
15 293
23 300
418
149
4 296
8 304
420
149
8 296
13 302
419
149
0 297
4 304
421
149
15 300
18 308
422
149
18 300
22 319
414
148
0 304
9 309
413
148
9 302
12 309
415
148
12 303
15 308
416
148
22 300
24 307
417
148
0 309
10 314
411
147
12 308
18 315
412
147
0 314
4 322
410
146
4 315
15 322
409
145
15 319
19 339
405
144
19 319
22 330
407
144
0 322
3 332
408
144
3 322
7 328
406
144
3 328
15 333
400
143
0 333
8 340
401
143
19 330
23 343
404
143
8 333
13 340
403
143
0 340
8 344
402
143
13 339
16 352
399
142
8 340
13 347
398
142
16 339
18 357
397
141
18 343
24 352
392
140
0 344
2 364
394
140
2 344
4 357
395
140
4 344
7 355
391
139
7 347
10 368
396
141
10 347
13 363
393
140
13 352
16 372
390
138
0 368
9 376
388
137
18 352
22 361
389
137
16 361
19 372
386
136
22 352
24 363
387
136
19 363
24 374
385
135
9 372
17 379
380
134
17 372
19 390
383
134
0 376
6 382
381
134
19 374
22 385
382
134
22 374
24 379
384
134
6 376
9 394
376
133
9 379
12 395
378
133
12 379
15 395
377
133
0 382
5 389
375
133
19 385
22 390
379
133
15 379
17 403
374
132
0 389
5 396
371
132
17 390
22 397
372
132
5 394
8 402
373
132
8 395
15 402
366
131
0 396
4 408
367
131
17 397
21 405
368
131
4 402
8 408
369
131
8 402
12 406
370
131
21 397
24 419
364
130
12 403
16 413
363
130
16 405
18 418
365
130
18 405
21 411
362
129
8 406
12 417
359
128
0 408
5 415
358
128
5 408
8 417
361
128
12 413
16 419
360
128
18 411
21 423
357
127
0 415
3 432
355
126
3 417
6 432
356
126
6 419
18 425
351
125
18 423
24 431
352
125
6 425
10 432
353
125
10 425
13 432
354
125
13 425
17 443
348
124
0 432
12 438
347
124
17 431
21 437
349
124
17 437
21 443
346
123
21 431
23 439
350
124
0 438
11 445
342
123
11 443
22 449
343
123
0 445
5 454
345
123
5 445
11 451
344
123
11 449
15 456
340
122
15 449
19 454
341
122
19 449
22 456
339
121
5 451
11 460
334
120
0 454
4 466
336
120
11 456
17 463
335
120
17 456
20 465
337
120
22 439
24 448
338
120
4 460
9 471
332
119
9 463
14 471
333
119
14 465
24 471
328
118
0 471
12 475
327
118
12 471
16 482
331
118
16 471
22 478
329
118
0 475
5 482
330
118
5 475
9 496
322
117
22 471
24 491
325
117
9 475
11 486
326
117
16 478
19 485
323
117
19 478
22 482
324
117
0 482
4 493
320
116
11 482
16 490
319
116
19 482
22 488
321
116
16 488
20 508
317
115
9 490
13 505
318
115
13 490
16 509
316
114
0 496
7 502
314
114
20 491
24 501
315
114
0 502
8 506
313
114
0 506
12 514
311
113
16 508
21 519
312
113
0 514
11 522
307
112
12 509
16 525
304
111
21 501
24 517
310
112
16 519
20 525
309
112
20 519
24 536
308
112
0 522
9 529
303
111
9 525
13 539
305
111
13 525
15 535
306
111
15 525
20 531
301
110
0 529
4 533
302
110
4 529
8 551
299
109
15 531
19 548
300
109
0 533
4 544
296
108
19 536
22 545
298
108
8 539
12 543
297
108
8 543
12 557
292
107
12 539
15 544
294
107
22 536
24 542
295
107
0 544
4 555
289
106
19 545
24 552
288
106
12 544
15 558
293
107
15 548
19 555
290
106
4 551
7 558
291
106
19 552
22 565
287
105
0 555
4 570
284
104
15 555
19 566
285
104
22 552
24 563
286
104
7 557
11 569
282
103
4 558
7 569
283
103
11 566
17 578
280
102
19 565
23 570
281
102
4 569
9 574
278
101
17 566
19 575
279
101
0 574
10 582
274
100
10 578
20 583
275
100
0 582
10 586
276
100
20 570
22 589
277
100
22 570
24 592
272
99
10 583
12 599
273
99
12 583
18 587
270
99
0 586
9 593
266
98
12 587
18 597
267
98
18 589
21 600
269
98
21 592
23 615
271
99
0 593
3 604
268
98
3 599
13 605
261
97
13 600
20 605
262
97
0 604
3 615
265
97
3 605
7 612
263
97
7 605
11 610
264
97
11 605
17 612
260
96
17 605
20 628
258
95
3 612
10 620
256
95
10 612
14 620
257
95
14 612
17 620
259
95
0 620
12 625
252
94
20 615
22 639
255
94
0 625
6 632
253
94
6 625
12 630
254
94
12 620
17 631
248
93
6 630
11 637
249
93
22 615
24 628
251
93
11 631
15 637
250
93
0 637
10 643
247
92
17 628
20 647
246
91
10 637
14 646
245
91
20 639
24 645
244
90
0 646
11 653
241
89
14 637
17 654
243
89
17 647
24 652
242
89
11 646
14 662
240
88
17 652
21 658
239
88
0 653
6 659
238
87
21 652
24 672
237
86
6 653
11 660
236
86
0 660
8 667
235
85
14 658
18 678
233
84
18 658
21 665
234
84
8 662
13 670
229
83
18 665
21 676
231
83
0 667
6 672
228
83
6 670
10 677
230
83
10 670
12 684
232
83
0 672
3 694
226
82
18 676
22 680
225
82
12 670
14 676
227
82
3 672
6 680
224
81
3 680
10 687
221
80
12 678
15 685
222
80
15 678
18 682
223
80
18 680
22 692
218
79
15 682
18 687
219
79
3 687
12 694
220
80
12 687
16 693
217
78
16 692
22 697
216
77
12 693
16 705
213
76
0 694
3 707
215
76
3 694
8 701
212
76
8 694
12 701
214
76
16 697
19 717
210
75
19 697
22 707
211
75
3 701
9 712
208
74
22 672
24 678
209
74
9 701
12 707
207
73
0 712
9 718
203
72
12 705
16 720
206
73
22 678
24 702
204
72
22 702
24 720
205
72
16 717
20 741
201
71
0 718
6 723
200
71
6 718
10 724
202
71
0 724
9 729
195
70
10 720
16 726
196
70
20 720
24 728
197
70
9 726
11 732
199
70
0 729
6 741
193
69
6 732
14 738
192
69
20 728
23 735
198
70
20 735
23 741
194
69
0 741
11 748
188
68
11 738
16 743
189
68
16 741
19 748
190
68
19 741
21 751
191
68
0 748
11 753
183
67
11 743
15 754
185
67
0 753
10 757
184
67
21 741
24 749
186
67
15 748
18 754
187
67
21 749
24 769
181
66
10 754
14 767
179
66
14 754
19 761
178
66
0 757
3 766
182
66
3 757
7 763
180
66
19 751
21 762
177
65
0 767
12 771
176
64
14 761
17 779
174
63
17 762
20 772
175
63
20 769
24 773
173
63
0 771
3 790
171
62
3 771
7 783
170
62
7 771
10 793
164
60
12 767
14 773
172
62
10 773
14 796
167
61
17 772
20 795
169
61
20 773
24 785
168
61
0 790
6 794
166
61
20 785
24 799
163
60
0 794
5 802
162
60
14 779
17 790
165
60
14 790
17 810
160
59
6 793
10 806
158
59
10 796
14 802
159
59
17 795
20 801
161
59
0 806
11 812
154
58
20 799
22 817
157
58
11 810
16 817
156
58
0 812
6 817
155
58
16 810
20 819
153
57
6 812
10 833
150
56
0 817
6 824
149
56
22 799
24 810
151
56
22 810
24 818
152
56
10 819
22 826
145
55
0 824
3 845
148
55
10 826
16 836
147
55
16 826
24 832
146
55
3 824
6 835
143
54
16 832
22 840
142
54
6 833
9 839
144
54
22 832
24 854
141
53
9 836
14 844
137
53
3 835
6 842
139
53
6 839
9 845
140
53
14 840
18 844
138
53
9 844
14 855
134
52
18 840
22 847
135
52
3 842
6 847
136
52
14 844
16 862
133
51
0 847
6 853
132
51
16 847
20 865
131
50
0 853
5 858
130
50
0 858
10 862
129
49
20 854
23 873
128
48
0 862
7 867
125
48
10 855
14 861
127
48
7 862
13 866
126
48
13 862
16 883
122
47
16 865
19 878
123
47
7 866
9 877
124
47
9 866
13 888
120
46
0 867
3 879
121
46
19 873
24 881
118
45
3 867
6 874
119
45
3 874
7 880
117
44
0 880
4 891
116
43
4 880
8 904
115
42
16 878
19 900
112
41
19 881
24 889
111
41
13 883
16 895
113
41
8 888
10 897
114
41
8 897
15 902
109
40
19 889
22 894
110
40
0 891
3 902
107
39
19 894
24 900
106
39
15 900
18 907
108
39
0 904
9 908
105
38
18 900
20 922
104
37
9 902
15 909
102
37
0 908
8 913
101
37
20 900
24 905
103
37
20 905
23 927
99
36
15 907
18 918
100
36
8 909
11 919
98
35
0 913
6 920
95
34
11 909
15 918
96
34
11 918
15 925
97
34
0 920
11 926
93
33
15 918
18 929
94
33
0 926
5 937
89
32
11 925
14 935
91
32
5 926
8 931
92
32
14 929
23 935
84
31
8 926
11 941
87
31
11 935
19 939
85
31
5 931
7 935
88
31
5 935
8 957
83
30
19 935
24 946
81
30
8 941
19 945
80
30
0 937
4 943
90
32
0 943
4 963
86
31
8 945
12 952
82
30
12 946
20 954
79
29
8 954
20 962
75
28
4 962
15 966
76
28
15 962
21 968
77
28
21 946
24 951
78
28
21 951
24 957
73
27
21 957
24 961
74
27
0 966
9 973
71
26
21 961
24 968
72
26
9 966
12 981
68
25
12 966
14 974
69
25
14 968
16 973
70
25
14 973
24 980
63
24
0 973
6 981
64
24
12 980
18 987
65
24
6 973
8 987
67
24
18 980
21 985
66
24
0 981
4 998
60
23
21 980
24 1000
62
23
8 981
12 992
61
23
4 992
15 998
55
22
15 987
19 997
57
22
19 985
21 994
58
22
19 994
21 998
59
22
15 997
17 1006
54
21
0 998
11 1004
50
20
17 997
19 1014
52
20
11 998
15 1021
56
22
19 1000
23 1008
51
20
0 1004
2 1009
53
20
2 1004
8 1010
47
19
8 1004
11 1011
48
19
15 1006
17 1010
49
19
19 1008
22 1016
45
18
0 1010
3 1017
46
18
3 1011
11 1018
44
17
15 1014
18 1028
43
16
0 1018
10 1026
41
15
22 1008
24 1013
42
15
18 1016
22 1040
38
14
10 1021
15 1028
37
14
22 1013
24 1026
40
14
0 1026
3 1031
39
14
3 1028
11 1034
33
13
11 1028
16 1035
34
13
0 1034
4 1042
35
13
4 1034
7 1041
36
13
7 1034
10 1044
32
12
10 1040
21 1045
31
11
0 1042
7 1050
29
10
7 1045
14 1053
28
10
14 1045
22 1049
27
10
22 1026
24 1041
30
10
14 1049
18 1055
25
9
22 1041
24 1048
26
9
18 1049
21 1061
24
8
21 1049
24 1068
22
7
0 1050
5 1059
21
7
5 1053
8 1063
23
7
8 1053
13 1062
18
6
13 1061
21 1067
20
7
0 1059
5 1067
16
5
0 1067
12 1075
13
5
12 1067
21 1071
15
5
21 1068
24 1077
19
6
12 1071
14 1080
17
5
0 1075
11 1081
14
5
14 1071
17 1090
9
4
17 1071
20 1094
8
4
20 1077
24 1086
7
3
11 1080
14 1089
11
4
0 1081
3 1092
10
4
3 1081
8 1092
6
3
8 1081
11 1102
2
1
20 1086
24 1102
3
2
11 1089
14 1095
12
4
14 1090
17 1099
5
2
0 1092
4 1101
4
2
11 1099
20 1103
0
1
4 1092
8 1100
1
1
