36
0 0
16 5
196
134
16 0
28 7
195
133
0 5
16 13
193
132
16 7
25 18
194
132
0 18
17 24
191
131
28 0
32 12
192
131
25 12
32 29
190
130
0 24
17 28
189
130
32 0
35 30
188
129
17 18
20 38
186
128
20 18
22 41
187
128
0 28
4 51
185
127
4 28
12 34
184
127
22 30
36 36
183
126
4 38
20 43
182
126
22 36
25 57
181
125
4 43
17 48
180
124
25 36
30 48
179
123
4 48
14 53
178
122
30 36
36 50
176
121
20 41
22 70
177
121
0 53
14 61
174
120
17 43
20 76
175
120
25 50
33 64
173
119
0 61
14 66
172
119
22 64
26 76
171
118
26 64
36 72
170
117
0 66
13 71
169
117
14 48
17 83
168
116
0 71
6 83
167
115
6 71
12 84
164
113
26 72
30 90
165
113
30 72
33 91
163
112
17 76
25 81
166
114
17 81
23 94
160
111
0 83
4 102
161
111
4 84
17 88
162
112
4 88
8 119
159
110
8 94
24 101
158
110
24 91
33 108
156
109
8 101
15 116
157
109
33 72
36 99
155
108
15 108
30 116
154
107
33 99
35 126
153
106
0 102
3 136
150
105
30 108
33 129
151
105
8 116
24 124
148
104
24 116
28 134
152
106
3 124
11 133
149
104
11 124
24 131
147
103
28 129
36 146
146
102
11 131
17 143
144
101
17 131
20 150
145
101
0 136
10 143
142
100
20 131
24 144
143
100
0 143
6 153
141
99
24 134
27 156
136
95
6 143
16 148
140
98
6 150
23 156
139
97
27 146
30 167
137
96
30 146
32 165
138
96
0 156
16 161
135
94
32 146
36 158
134
93
16 156
21 171
132
92
21 156
26 169
133
92
0 161
7 169
131
91
7 161
15 174
129
90
30 165
35 173
130
90
21 169
29 188
128
89
0 174
8 187
126
88
8 174
16 182
125
87
16 171
18 201
127
88
0 187
12 192
124
86
18 188
30 194
122
85
0 192
9 197
123
85
30 173
34 198
121
84
12 182
16 195
120
83
18 194
22 224
119
82
0 197
15 203
117
81
22 194
30 204
118
81
30 198
34 207
116
80
0 203
4 236
115
79
4 203
8 224
112
77
8 203
16 209
111
77
34 173
36 208
114
78
22 204
26 236
110
76
26 207
32 221
109
75
4 224
21 231
108
74
32 208
35 236
113
78
26 221
29 240
106
72
4 231
8 244
105
72
8 231
19 237
104
71
29 221
32 238
103
70
8 237
18 245
102
69
18 237
26 255
101
68
0 245
13 251
100
68
0 251
17 259
98
67
17 255
31 263
99
67
0 259
9 277
95
65
9 263
19 275
96
66
19 263
28 279
97
66
32 236
36 259
107
73
0 277
18 282
93
64
31 259
34 282
94
64
18 279
29 283
92
63
0 282
4 302
91
62
4 282
10 295
90
61
10 283
19 297
89
60
29 282
32 315
88
59
4 297
18 302
86
57
19 283
27 290
87
58
0 302
18 307
85
56
19 290
26 300
84
55
18 300
24 308
83
54
32 282
36 315
82
53
0 307
16 314
81
52
24 300
29 311
80
51
16 308
21 324
79
50
21 311
28 322
78
50
0 314
3 347
77
49
3 314
7 342
76
48
7 314
10 337
75
47
28 315
35 333
74
46
10 324
20 337
73
45
20 333
30 348
71
44
7 337
14 349
72
44
14 348
22 358
69
43
30 333
36 346
70
43
22 348
30 353
67
42
3 342
5 361
68
42
22 353
33 359
66
41
33 346
36 380
65
40
0 347
3 371
64
39
5 349
14 366
62
38
14 358
18 389
63
38
18 359
29 366
60
37
3 366
11 375
61
37
18 366
30 370
59
36
18 370
22 396
58
35
0 389
16 393
57
35
22 370
32 384
55
34
22 384
29 401
56
34
0 393
10 411
54
33
10 396
22 401
53
33
10 401
19 412
51
32
29 384
34 395
52
32
19 401
33 407
49
31
34 380
36 403
50
31
33 403
36 428
48
30
19 407
23 423
47
30
23 407
33 425
45
29
0 411
4 421
46
29
4 412
16 418
43
28
4 418
15 423
44
28
0 423
8 437
42
27
8 423
17 432
41
27
17 423
20 447
40
26
20 428
36 432
38
25
8 432
16 438
39
25
20 432
36 438
37
24
0 437
3 461
36
23
3 437
7 471
35
22
7 438
10 465
34
21
20 438
29 443
33
21
20 443
31 448
31
20
10 438
12 455
32
20
12 438
16 459
29
19
31 438
34 459
30
19
16 447
19 463
28
18
19 448
28 465
27
17
7 465
17 469
26
17
28 448
31 469
25
16
31 459
34 485
15
9
17 465
25 475
23
15
7 469
15 477
24
15
34 438
36 465
22
14
25 469
31 487
20
13
15 475
25 492
13
8
0 461
3 489
21
13
3 477
12 484
19
12
12 477
15 513
18
11
3 484
7 516
16
10
7 484
11 515
17
10
34 465
36 499
14
8
15 492
30 499
11
7
30 487
34 497
12
7
0 489
2 524
10
6
15 499
24 515
7
5
24 499
29 510
8
5
30 497
33 526
9
6
24 510
28 528
0
1
33 499
36 520
3
3
2 516
20 522
5
4
28 510
30 531
4
3
2 522
14 526
1
2
20 515
23 532
6
4
14 522
19 531
2
2
