31
0 0
4 25
195
75
4 0
11 12
194
75
11 0
14 26
196
75
14 0
16 19
197
75
16 0
19 26
192
74
19 0
21 11
193
74
21 0
27 8
189
73
27 0
30 9
190
73
21 8
23 26
188
72
23 9
31 16
187
71
4 12
8 23
186
70
23 16
31 29
184
70
0 25
8 31
185
70
19 11
21 29
191
73
8 12
11 39
183
69
11 29
24 33
181
69
11 33
21 38
182
69
24 29
27 45
179
68
11 38
20 43
178
68
27 29
30 33
180
68
0 43
12 49
175
67
12 43
17 57
176
67
21 33
24 61
174
66
27 33
31 53
172
66
17 43
19 51
177
67
0 49
4 54
173
66
4 49
10 63
171
65
10 61
23 68
168
64
24 45
27 66
170
64
0 63
6 69
169
64
27 53
30 83
166
63
6 68
19 74
164
63
0 74
10 80
165
63
23 66
25 86
167
63
10 74
21 81
161
62
25 66
27 77
163
62
0 80
3 100
162
62
3 80
7 100
159
61
21 68
23 84
160
61
7 81
13 86
158
61
7 86
18 90
156
60
25 83
30 90
157
60
18 81
21 88
155
59
21 86
25 90
154
59
7 90
11 119
153
58
11 90
17 103
151
58
17 90
22 105
152
58
22 90
31 94
150
58
22 94
25 108
149
57
11 105
22 109
147
56
25 94
28 106
148
56
28 94
31 115
146
55
11 109
21 115
143
55
0 100
7 106
144
55
0 106
7 111
145
55
22 108
28 124
141
54
0 111
4 118
142
54
4 111
7 133
140
53
11 115
20 121
138
53
7 121
17 126
137
53
17 121
22 130
139
53
28 115
31 128
136
52
0 118
4 148
135
51
7 126
14 134
133
51
22 124
28 129
134
51
14 126
17 140
132
50
22 129
28 135
131
50
4 134
11 138
130
50
17 135
31 143
127
49
4 138
8 151
129
49
8 143
21 147
128
49
21 143
24 158
123
48
24 143
27 156
124
48
27 143
30 151
125
48
8 147
10 154
126
48
10 147
13 168
121
47
13 147
16 158
122
47
16 147
20 159
120
46
0 151
7 159
116
45
27 151
29 174
118
45
20 158
26 162
117
45
29 151
31 158
119
45
0 159
6 172
114
44
7 154
10 172
115
44
13 158
15 184
112
43
29 158
31 171
113
43
15 162
21 176
111
42
21 162
27 176
110
41
0 172
8 178
109
41
15 176
22 188
108
40
22 176
28 190
105
39
0 178
8 184
104
39
8 172
13 180
106
39
29 171
31 189
107
39
8 180
11 205
103
38
11 180
13 207
102
37
13 190
25 194
99
37
0 184
3 197
101
37
25 190
31 195
100
37
13 194
20 198
98
36
13 198
27 205
94
35
3 184
6 202
97
35
0 202
6 209
95
35
27 195
31 205
96
35
13 205
25 211
90
34
0 209
10 215
91
34
25 205
29 219
92
34
10 207
13 222
93
34
13 211
19 225
87
33
19 211
23 224
89
33
0 215
6 223
88
33
23 219
28 226
86
32
6 215
10 240
83
31
28 219
31 242
84
31
10 222
13 238
85
31
13 225
20 241
80
30
0 223
4 238
81
30
0 240
11 244
79
30
20 226
27 239
77
29
20 239
23 243
78
29
11 243
23 251
75
28
23 239
27 260
76
28
27 242
31 254
82
30
0 244
4 256
73
27
4 244
7 250
74
27
7 244
10 273
69
26
4 250
7 270
70
26
10 251
20 256
72
27
27 254
31 279
63
25
10 260
24 264
71
27
10 264
15 269
68
26
0 256
4 274
64
25
24 260
27 279
66
25
15 264
22 272
67
26
10 269
14 274
65
25
0 274
11 280
59
24
14 272
24 278
60
24
11 278
17 287
61
24
17 278
20 285
62
24
20 279
29 283
58
23
0 280
4 302
56
22
4 280
7 292
57
22
7 280
11 287
55
21
20 283
24 304
53
20
7 287
18 294
50
19
24 283
27 307
52
19
4 294
16 300
49
19
27 283
31 298
54
20
16 294
20 310
51
19
27 298
30 310
48
18
4 300
8 305
47
18
0 305
12 313
43
17
12 300
16 319
45
17
20 304
23 320
46
17
23 310
30 314
44
17
16 310
20 324
42
16
0 313
6 317
41
16
6 313
12 329
39
15
23 314
27 333
40
15
12 324
23 329
38
15
27 314
30 340
36
14
0 317
6 328
35
14
0 328
3 343
37
14
3 329
7 355
32
13
7 329
10 360
33
13
10 329
18 335
31
13
18 329
21 337
34
13
21 333
27 339
30
12
10 335
13 363
28
11
13 339
27 345
26
11
13 345
21 353
27
11
27 340
30 356
29
11
21 345
27 357
24
10
0 343
3 356
25
10
13 357
26 365
23
10
3 355
6 381
22
9
6 365
17 369
20
9
17 365
27 369
21
9
6 369
17 377
17
8
17 369
22 381
18
8
0 356
3 378
16
7
27 356
31 383
15
7
6 377
15 382
14
7
15 381
22 386
12
6
22 369
25 383
19
8
25 369
27 383
11
5
0 378
3 393
7
3
3 382
11 397
10
5
11 382
15 390
13
6
15 386
27 390
9
5
11 390
20 396
8
4
27 383
31 398
5
3
20 390
27 405
2
2
0 393
3 406
4
2
11 396
16 402
3
2
3 397
9 408
1
1
9 402
20 409
0
1
27 398
31 404
6
3
