31
0 0
14 6
40
28
14 0
17 31
35
24
17 0
19 30
41
28
19 0
21 20
36
25
21 0
29 20
42
29
0 6
14 13
38
27
29 0
31 21
39
27
0 13
4 38
37
26
4 13
13 24
34
24
19 20
22 37
33
23
22 21
31 30
32
22
4 24
7 48
31
21
7 24
13 40
30
20
22 30
30 36
29
20
13 31
16 53
28
19
16 37
30 44
26
18
0 38
2 54
27
18
16 44
25 54
25
17
2 48
9 63
23
16
9 40
12 59
24
16
12 54
23 62
21
15
25 44
28 61
22
15
9 62
23 69
18
13
23 61
28 80
16
11
0 63
6 73
20
14
6 69
10 87
17
12
10 69
15 78
19
13
15 69
23 81
15
11
0 73
6 91
13
9
10 81
25 88
11
8
28 44
31 66
14
10
25 80
29 103
12
8
6 87
9 109
10
7
9 88
24 95
9
6
9 95
16 112
8
5
16 95
24 102
7
5
0 91
3 120
6
4
16 102
24 121
4
3
3 91
6 108
5
3
3 112
15 119
2
2
24 103
27 125
3
2
0 120
15 128
0
1
27 103
31 124
1
1
