32
0 0
3 31
632
252
3 0
5 14
633
252
5 0
18 5
630
251
18 0
24 8
631
251
24 0
26 25
629
250
5 5
16 10
626
249
16 8
23 15
627
249
26 0
29 14
628
249
5 10
9 25
623
248
29 0
32 14
624
248
9 10
11 28
625
248
11 10
16 23
622
247
11 23
20 31
619
246
26 14
31 27
620
246
20 15
23 31
621
246
3 25
8 32
618
245
8 31
18 37
614
244
23 27
28 37
616
244
0 32
6 38
615
244
28 27
30 32
617
244
6 37
17 42
608
242
18 31
22 40
613
243
22 37
28 43
612
243
28 32
32 55
609
242
0 38
4 55
610
242
4 38
6 54
611
242
6 42
19 49
604
241
19 40
22 64
607
241
6 49
16 54
605
241
22 43
28 49
606
241
22 49
26 69
601
240
16 49
19 75
602
240
0 55
13 59
600
240
26 49
28 67
603
240
0 59
14 64
596
239
0 64
11 70
597
239
19 69
28 74
598
239
28 55
32 61
599
239
0 70
11 78
595
238
28 61
31 93
594
237
19 74
27 81
593
237
11 75
19 84
589
236
0 78
3 97
591
236
3 78
5 100
592
236
19 81
26 86
590
236
5 78
8 108
588
235
8 78
11 104
586
234
11 84
14 100
587
234
14 86
22 98
585
233
22 93
32 100
584
233
0 97
2 119
583
232
14 98
17 104
582
232
17 98
20 124
581
231
20 100
29 106
580
231
20 106
32 113
577
230
8 104
12 112
578
230
2 100
4 109
579
230
2 112
15 119
576
229
15 104
17 123
575
228
20 113
26 128
574
227
0 119
13 125
571
227
0 125
12 131
572
227
12 128
23 133
573
227
26 113
30 126
567
225
26 126
29 138
568
225
0 131
4 158
570
226
29 126
32 134
569
225
4 133
17 139
566
225
23 128
26 157
564
224
17 133
20 151
565
224
26 138
31 150
562
223
4 139
12 144
561
223
12 139
17 144
563
223
4 144
12 159
559
222
12 157
24 165
558
222
26 150
31 165
560
222
0 158
4 183
554
221
4 159
7 181
555
221
24 157
26 182
557
221
7 159
10 173
556
221
10 165
23 171
552
220
26 165
29 183
553
220
10 171
23 177
551
219
29 165
32 187
550
218
7 177
20 182
547
218
4 182
11 187
548
218
11 182
17 186
549
218
20 177
24 203
545
217
17 182
20 210
546
217
0 187
12 194
543
217
24 187
31 193
544
217
12 186
15 215
541
216
0 194
11 199
539
216
15 186
17 212
542
216
24 193
29 199
540
216
0 199
7 210
535
215
7 199
11 215
537
215
24 199
28 210
538
215
0 210
5 216
536
215
17 210
24 220
533
214
5 215
16 220
532
214
28 199
32 211
534
214
24 211
30 220
531
213
0 216
3 234
530
212
3 220
11 225
529
212
11 220
23 227
525
211
3 227
14 234
526
211
23 220
31 228
528
211
14 228
24 233
527
211
24 228
27 251
522
210
27 228
30 249
523
210
14 233
17 253
524
210
17 233
21 246
521
210
0 234
4 241
520
209
21 233
24 255
519
208
0 241
12 246
518
208
0 246
9 253
515
207
30 228
32 250
516
207
12 234
14 250
517
207
24 251
30 256
514
206
9 246
12 277
513
205
0 253
6 258
512
205
12 253
18 259
510
204
18 255
22 261
511
204
22 256
30 272
509
204
0 258
7 269
506
203
12 259
15 277
508
203
15 259
18 277
507
203
18 261
22 289
503
202
0 269
4 295
504
202
22 272
30 278
502
202
4 269
8 273
505
202
4 277
15 284
498
201
22 278
27 290
499
201
30 250
32 275
501
201
15 277
18 291
500
201
18 290
30 298
496
200
30 275
32 300
497
200
4 291
17 296
494
199
0 295
3 311
495
199
3 296
6 322
491
198
6 296
9 316
492
198
9 296
15 303
490
198
15 296
18 308
493
198
18 298
21 321
488
197
21 298
24 314
489
197
24 298
28 314
487
196
9 303
15 310
485
195
28 300
32 307
486
195
28 307
30 338
484
194
9 310
16 317
483
194
21 314
27 327
482
193
0 311
3 342
481
192
6 317
10 336
479
192
10 317
14 334
480
192
14 317
17 335
477
191
30 307
32 333
478
191
17 321
20 349
475
190
3 336
12 343
473
190
20 327
27 333
474
190
20 333
22 346
476
190
22 333
25 362
471
189
25 333
27 349
472
189
12 335
16 360
469
188
27 338
30 354
470
188
0 343
5 350
468
188
0 350
9 357
464
187
16 349
21 361
465
187
9 343
12 355
466
187
25 354
28 363
467
187
28 354
32 370
462
186
0 357
12 361
461
186
12 360
15 374
463
186
0 361
4 391
458
185
4 361
8 384
459
185
8 361
12 375
460
185
15 361
19 391
456
184
19 370
31 376
454
184
19 376
29 380
455
184
8 375
12 381
457
184
12 374
15 387
453
183
19 380
24 386
452
183
24 380
29 386
451
183
8 381
12 411
448
182
29 376
32 392
450
182
4 384
8 392
449
182
19 386
21 394
447
181
21 386
29 394
443
180
12 391
18 398
444
180
0 391
2 411
446
180
2 392
7 399
445
180
18 394
25 401
441
179
25 394
29 401
442
179
12 398
16 424
440
178
16 401
29 406
438
178
2 399
7 407
439
178
16 406
20 432
436
177
29 392
32 413
437
177
0 411
12 415
434
177
20 413
31 417
435
177
0 415
4 430
432
176
4 415
7 433
433
176
20 417
26 423
431
176
26 417
32 423
430
176
7 415
10 447
428
175
10 432
23 438
426
175
23 423
28 437
427
175
28 423
30 449
429
175
10 438
24 445
424
174
0 430
4 450
425
174
4 433
7 456
423
173
10 445
18 451
421
173
18 445
23 452
422
173
23 445
28 451
415
170
7 451
12 464
418
172
28 449
32 457
419
172
0 450
2 464
420
172
12 452
22 460
417
171
12 460
23 466
414
170
23 451
26 467
416
170
2 456
6 488
401
165
26 457
30 475
411
169
6 464
10 479
412
169
10 466
13 480
413
169
13 466
18 470
410
169
18 466
21 496
408
168
21 467
24 486
409
168
13 470
17 480
407
168
24 475
30 480
406
168
6 480
18 486
403
167
30 457
32 470
405
167
24 480
29 485
404
167
29 480
32 493
402
166
6 486
16 492
399
165
24 485
29 490
400
165
0 488
4 515
398
164
4 492
17 499
396
164
21 493
32 500
397
164
4 499
11 514
394
163
11 499
18 504
395
163
18 500
31 506
390
162
11 506
21 513
391
162
21 506
24 520
393
162
24 506
31 511
392
162
4 514
15 522
388
161
15 520
28 524
387
161
28 511
31 527
389
161
0 515
4 539
386
160
4 524
17 529
385
160
17 527
30 535
383
159
4 529
12 536
384
159
12 529
15 558
382
158
15 535
25 542
380
158
25 535
32 541
381
158
4 536
11 542
379
157
0 542
8 556
377
156
15 542
28 548
375
156
15 548
26 554
376
156
28 541
30 562
378
156
15 554
26 559
372
155
0 556
6 564
373
155
8 542
12 548
374
155
6 559
18 566
368
154
18 559
22 575
369
154
22 559
25 572
370
154
25 559
28 565
371
154
25 565
32 575
366
153
0 566
7 574
367
153
7 566
10 576
365
152
10 566
18 574
363
151
0 574
4 589
364
151
10 575
20 579
362
151
22 572
25 596
360
150
4 574
7 593
361
150
25 575
29 582
359
150
7 579
12 591
357
149
20 575
22 602
358
149
12 579
18 586
356
149
25 582
29 590
355
148
29 575
31 591
354
147
12 586
16 590
353
147
16 586
20 614
350
146
0 589
3 609
352
146
3 593
13 598
349
146
25 590
29 598
351
146
13 590
16 613
347
145
29 591
32 610
348
145
22 596
24 623
346
144
3 598
6 614
344
143
6 598
8 613
345
143
24 610
30 617
343
142
0 614
14 618
340
141
20 602
22 616
342
141
14 614
18 619
341
141
24 617
30 627
338
140
0 618
7 624
337
140
30 610
32 623
339
140
7 618
14 624
336
139
14 619
21 625
335
138
0 624
5 639
333
137
5 624
9 637
334
137
9 625
15 633
332
137
21 623
24 654
329
136
15 625
18 649
330
136
5 637
14 644
328
136
18 625
21 635
331
136
24 627
28 657
327
135
0 644
14 651
324
135
0 651
13 655
325
135
14 649
19 657
326
135
0 655
8 667
320
134
28 627
31 648
323
134
19 654
24 662
322
134
8 655
14 660
321
134
8 662
21 670
319
133
24 657
31 669
317
132
0 667
4 681
318
132
21 669
32 674
314
131
4 670
9 676
316
131
9 670
21 676
313
130
21 674
30 679
315
131
4 676
15 683
311
129
15 676
18 699
312
129
18 679
23 693
308
128
23 679
32 685
307
128
0 683
5 690
309
128
5 683
10 688
310
128
10 683
14 690
306
127
23 685
26 711
305
126
26 685
32 690
304
126
0 690
13 698
300
125
0 698
11 705
301
125
11 699
18 708
302
125
26 690
32 697
303
125
18 693
21 721
299
124
0 705
7 710
297
124
26 697
31 703
298
124
26 703
29 718
294
123
29 703
32 715
295
123
0 710
13 718
296
124
0 718
6 728
292
122
13 708
17 715
293
122
21 711
25 740
290
121
13 715
15 742
291
121
0 728
9 733
288
121
25 718
30 726
289
121
15 715
18 722
287
120
9 718
13 723
286
120
15 722
19 753
284
119
0 733
8 739
282
119
30 715
32 736
285
119
25 726
30 734
283
119
9 723
13 742
280
118
25 734
28 755
281
118
28 736
32 762
278
117
0 742
12 749
277
117
19 740
22 752
279
117
0 749
12 756
274
116
12 753
19 762
275
116
22 740
24 749
276
116
19 752
25 762
272
115
0 756
5 764
273
115
5 756
9 768
271
114
25 755
28 770
268
113
9 762
18 767
267
113
18 762
21 776
269
113
21 762
23 777
270
113
0 768
14 774
263
112
0 774
13 780
264
112
23 762
25 788
266
112
28 762
31 769
265
112
14 767
18 782
262
111
0 780
11 785
261
111
28 769
30 786
260
110
30 769
32 782
259
109
25 770
27 802
258
108
11 782
20 788
256
108
0 785
5 792
257
108
5 785
9 798
254
107
9 788
15 795
253
107
15 788
21 795
252
107
27 786
30 798
255
107
9 795
22 799
251
106
22 788
25 814
250
105
0 798
9 804
249
104
9 799
19 805
247
103
25 802
32 810
248
103
19 799
22 816
246
102
0 805
12 812
244
101
12 805
15 810
245
101
15 805
19 826
243
100
12 810
15 837
242
99
0 812
10 818
239
99
25 810
32 816
240
99
19 816
24 822
241
99
24 816
31 831
236
98
0 818
6 831
237
98
6 818
10 825
238
98
19 822
24 837
232
97
10 812
12 838
235
97
6 825
9 839
234
97
15 826
19 833
233
97
12 837
23 842
228
96
0 831
3 849
229
96
3 831
5 844
231
96
24 831
27 861
227
95
27 831
31 849
226
95
9 838
12 844
230
96
12 842
19 849
224
95
3 844
10 849
225
95
19 842
22 869
223
94
0 849
10 856
221
94
10 849
14 853
222
94
0 856
13 861
217
93
14 849
17 862
220
93
0 861
7 866
218
93
27 849
32 856
219
93
7 861
14 877
213
92
27 856
31 871
216
92
0 866
7 872
214
92
14 869
20 875
215
92
20 871
30 877
212
91
0 872
5 879
210
90
30 871
32 882
211
90
5 877
12 889
208
89
14 875
16 896
209
89
16 875
20 902
207
88
20 877
23 908
206
87
23 882
32 890
205
87
0 889
13 894
204
87
23 890
28 896
203
86
28 890
31 902
202
85
0 894
10 902
199
84
10 894
13 912
201
84
23 896
28 903
200
84
0 902
5 908
198
83
23 903
32 908
196
82
0 908
10 912
195
82
13 902
18 909
197
82
18 908
31 914
191
81
13 909
16 927
193
81
0 912
9 918
192
81
16 909
18 928
194
81
18 914
30 920
190
80
9 912
11 925
189
79
0 918
3 938
188
78
3 918
7 933
187
78
18 920
21 944
186
77
21 920
24 934
184
76
11 912
13 926
185
76
24 920
28 926
183
76
28 920
31 945
182
75
7 927
15 934
181
75
3 934
13 941
179
74
24 926
27 949
180
74
15 928
17 945
178
73
0 941
4 956
175
72
21 934
24 950
177
72
4 941
8 950
176
72
13 934
15 960
174
71
8 941
11 957
173
71
11 941
13 948
172
70
17 944
21 949
171
69
27 945
32 951
169
68
15 945
17 958
170
68
17 950
27 956
168
67
0 956
7 972
164
66
27 951
30 977
166
66
11 948
13 972
167
66
17 956
21 965
165
66
30 951
32 976
163
65
21 956
24 978
162
64
13 965
18 977
160
64
7 957
11 969
161
64
0 972
11 980
156
63
24 956
27 982
159
63
11 978
22 984
157
63
0 980
8 987
158
63
30 976
32 1007
155
62
8 984
19 989
153
62
22 982
30 988
154
62
0 989
12 996
151
61
19 988
23 993
152
61
23 988
26 1013
148
60
26 988
28 1005
150
60
12 989
15 996
149
60
15 993
20 1006
146
59
20 993
23 1010
147
59
0 996
3 1010
145
58
3 996
8 1001
144
58
8 996
12 1014
143
57
12 996
15 1018
140
56
3 1001
6 1014
141
56
28 988
30 1002
142
56
15 1006
20 1011
139
56
15 1013
26 1020
137
55
6 1001
8 1012
138
55
28 1002
30 1017
136
54
0 1014
6 1019
135
54
6 1014
10 1029
134
53
26 1017
29 1033
133
52
10 1020
19 1027
130
51
10 1027
19 1033
131
51
29 1017
32 1022
132
51
0 1019
4 1044
127
50
19 1020
23 1039
128
50
23 1020
26 1036
129
50
4 1029
10 1036
126
50
10 1033
14 1064
124
49
14 1033
18 1059
125
49
26 1033
31 1038
122
48
4 1036
6 1047
123
48
18 1039
32 1045
119
47
18 1045
28 1052
120
47
6 1036
8 1050
121
47
0 1044
4 1071
118
46
18 1052
26 1057
117
46
18 1057
25 1066
113
45
4 1050
9 1060
115
45
26 1052
32 1060
114
45
14 1059
17 1066
116
45
4 1066
18 1071
111
44
25 1060
29 1074
112
44
18 1066
23 1071
110
43
0 1071
8 1083
106
42
8 1071
15 1077
107
42
15 1071
22 1076
108
42
29 1060
31 1077
109
42
22 1071
25 1102
105
41
15 1076
20 1091
104
41
0 1083
10 1089
102
40
25 1074
28 1088
103
40
10 1077
13 1101
100
39
28 1077
31 1097
101
39
0 1089
9 1094
99
39
13 1091
22 1096
98
39
0 1094
8 1100
97
38
25 1088
28 1104
96
37
13 1096
18 1103
94
36
18 1096
21 1105
95
36
0 1101
11 1109
93
35
28 1097
32 1122
91
34
11 1103
18 1109
90
34
21 1102
24 1115
92
34
0 1109
7 1122
87
33
7 1109
21 1115
86
33
24 1104
28 1117
88
33
7 1115
10 1130
89
33
10 1115
20 1122
83
32
20 1115
24 1129
85
32
10 1122
18 1127
84
32
10 1129
21 1134
79
31
24 1117
26 1144
82
31
0 1122
5 1132
81
31
26 1122
32 1128
80
31
0 1134
13 1142
76
30
26 1128
28 1150
78
30
13 1134
21 1139
77
30
28 1128
30 1145
75
29
13 1139
17 1168
74
28
0 1142
13 1150
72
28
0 1150
11 1158
73
28
17 1139
21 1160
69
27
21 1129
24 1141
70
27
21 1144
26 1150
68
27
30 1128
32 1141
71
27
21 1150
28 1160
65
26
0 1158
7 1168
64
26
30 1141
32 1162
67
26
7 1158
10 1172
66
26
28 1145
30 1161
63
25
17 1160
22 1167
61
24
11 1150
13 1165
62
24
22 1160
25 1186
59
23
25 1160
28 1181
60
23
10 1168
21 1172
57
23
28 1162
32 1170
58
23
0 1168
2 1194
56
22
2 1168
5 1185
53
21
28 1170
31 1183
54
21
5 1172
8 1177
55
21
8 1172
14 1182
49
20
14 1172
17 1187
51
20
17 1172
20 1186
52
20
5 1182
9 1187
50
20
17 1186
30 1191
47
19
9 1182
14 1187
48
19
2 1187
8 1194
45
18
30 1183
32 1198
46
18
8 1187
17 1192
44
17
17 1191
24 1204
43
16
24 1191
27 1222
41
15
27 1191
30 1215
42
15
8 1192
14 1203
40
15
14 1192
17 1211
39
14
0 1203
12 1207
36
14
17 1204
21 1215
38
14
0 1207
7 1212
37
14
7 1207
14 1221
33
13
21 1204
24 1222
34
13
30 1198
32 1210
35
13
0 1212
6 1220
32
12
0 1221
13 1228
27
11
14 1215
21 1222
31
12
13 1222
25 1228
28
11
30 1210
32 1237
30
11
25 1222
30 1226
29
11
25 1226
30 1235
25
10
0 1228
4 1254
22
9
4 1228
14 1234
21
9
14 1228
18 1244
23
9
18 1228
21 1256
26
10
21 1228
25 1251
19
8
4 1234
10 1245
18
8
10 1234
13 1254
20
8
25 1235
29 1247
24
9
21 1251
30 1256
17
8
13 1244
18 1254
12
6
4 1245
10 1260
14
7
0 1254
3 1279
15
7
10 1254
13 1271
16
7
13 1256
27 1264
11
6
27 1256
30 1269
13
6
3 1260
6 1285
9
5
30 1237
32 1261
10
5
13 1264
21 1269
7
5
6 1260
9 1282
5
4
21 1264
24 1286
3
3
24 1264
27 1286
2
2
13 1269
20 1277
8
5
30 1261
32 1284
1
1
9 1271
13 1279
4
4
27 1269
30 1282
6
4
13 1277
18 1283
0
1
