32
0 0
9 7
163
75
9 0
15 15
160
74
15 0
21 14
161
74
21 0
23 19
162
74
23 0
30 10
158
73
0 7
6 17
159
73
23 10
30 23
157
72
0 17
16 22
155
72
0 22
8 28
156
72
8 22
16 37
153
71
16 23
26 29
152
71
26 23
31 32
154
71
0 28
3 59
149
70
3 28
6 55
150
70
16 29
19 50
151
70
19 29
25 44
148
69
25 32
31 42
147
68
6 37
14 44
145
68
6 44
14 50
146
68
6 50
21 56
142
67
21 44
32 50
143
67
21 50
32 56
144
67
3 56
16 64
139
66
16 56
22 71
140
66
22 56
25 74
141
66
25 56
32 69
138
65
0 64
15 70
136
65
0 70
9 75
137
65
25 69
32 76
133
64
9 70
13 100
134
64
13 70
15 98
135
64
15 74
23 82
132
63
0 75
9 82
131
63
15 82
28 86
130
63
15 86
31 93
127
62
0 82
5 98
128
62
5 82
7 108
129
62
15 93
29 100
125
61
29 93
32 118
126
61
0 98
3 119
124
60
7 100
20 108
121
59
20 100
27 114
123
59
3 108
12 115
122
59
27 100
29 120
120
58
12 108
19 113
119
58
12 113
15 128
117
57
15 113
17 131
118
57
17 114
24 129
115
56
3 115
11 122
114
56
0 122
10 128
113
55
24 114
27 138
112
54
0 128
10 134
111
54
0 134
15 139
109
53
29 118
32 148
116
56
15 131
23 145
108
52
0 139
9 146
107
52
9 145
20 150
106
52
20 145
28 153
103
50
0 146
8 152
104
51
0 152
13 159
102
50
28 148
30 174
105
51
0 159
16 165
101
50
30 148
32 166
110
53
16 150
19 181
99
49
19 153
25 166
98
49
25 153
28 176
100
49
0 165
13 172
97
48
0 172
13 176
92
46
13 165
16 192
96
47
19 166
25 178
95
47
28 174
31 197
94
46
0 176
9 182
93
46
0 182
13 190
90
45
19 178
27 184
91
45
16 181
19 209
86
43
19 184
22 208
87
43
22 184
25 202
88
43
25 184
27 214
83
40
0 190
10 198
89
44
10 190
13 211
85
42
27 197
32 207
84
41
0 198
7 209
81
40
13 192
16 207
82
40
7 198
10 212
80
39
19 208
25 223
79
38
0 212
16 216
78
38
0 216
8 230
77
37
27 207
32 223
76
36
8 216
14 229
75
36
14 223
23 227
74
36
14 227
28 235
71
35
8 229
13 238
73
35
28 223
30 236
70
34
0 230
6 235
69
33
13 235
24 241
72
35
0 241
15 248
66
32
24 236
30 246
67
32
30 223
32 248
68
32
15 241
20 254
64
31
20 241
23 253
65
31
23 246
29 260
63
30
0 248
15 252
62
30
0 252
12 258
59
29
29 248
32 269
61
29
12 254
18 262
60
29
20 253
23 279
58
28
0 258
5 270
57
28
5 262
15 268
54
27
5 268
12 273
56
27
12 268
20 272
55
27
23 260
25 280
53
26
0 273
13 280
52
25
0 280
13 287
50
24
25 269
31 282
51
24
13 272
19 287
48
23
19 279
21 311
49
23
21 282
28 286
47
23
0 287
15 293
45
22
21 286
29 294
46
22
0 293
7 308
42
21
7 293
12 303
44
21
12 293
18 301
43
21
21 294
28 307
40
20
0 308
14 313
39
20
29 282
32 299
41
20
21 307
28 318
37
19
0 313
12 318
36
19
14 301
19 311
38
19
28 299
31 313
35
18
14 311
18 331
34
17
18 311
20 337
33
16
0 318
12 325
30
15
12 313
14 344
32
15
20 318
26 328
31
15
26 318
32 331
29
14
0 325
10 331
28
14
20 328
25 339
24
12
0 331
6 342
22
10
6 331
10 343
25
12
25 331
32 340
27
13
14 331
17 344
26
12
17 340
30 347
23
11
0 343
12 350
19
9
12 344
15 371
20
9
15 347
28 352
15
6
30 340
32 370
21
9
15 352
28 360
14
6
0 350
10 358
18
8
0 358
7 368
17
7
15 360
22 369
16
6
7 358
11 382
13
5
22 360
30 372
11
5
0 368
6 377
12
5
15 369
22 377
9
4
30 370
32 397
10
4
22 372
30 377
8
4
0 377
7 384
6
3
11 377
16 385
7
3
16 377
26 383
3
2
26 377
30 386
5
2
16 383
22 389
4
2
0 384
7 397
0
1
7 385
14 396
1
1
22 386
27 396
2
1
