36
0 0
2 35
181
120
2 0
4 31
182
120
4 0
10 16
180
119
10 0
24 6
178
118
24 0
36 5
179
118
24 5
33 11
176
117
10 11
26 18
175
116
26 11
30 30
174
115
4 18
12 25
173
115
33 5
35 39
177
117
30 11
33 29
172
114
12 18
18 31
169
113
18 18
21 39
170
113
0 35
18 39
168
112
21 30
29 34
171
114
21 34
30 48
167
111
0 39
15 45
166
111
0 45
17 50
164
110
30 29
33 46
165
110
17 48
29 53
162
109
0 50
11 54
163
109
11 53
21 68
160
107
21 53
29 58
161
108
29 48
36 66
154
103
0 54
11 61
159
107
0 61
10 66
158
106
0 66
9 80
157
105
21 58
29 76
156
104
9 68
19 82
155
104
19 76
27 95
153
103
29 66
33 93
152
102
0 80
9 87
151
102
9 82
17 98
149
100
0 87
4 110
147
99
17 95
28 100
150
101
33 66
35 83
148
99
4 98
13 113
146
98
33 83
35 103
145
97
13 100
21 106
143
95
21 100
29 109
144
96
29 93
33 117
142
94
13 106
20 120
139
91
20 109
27 125
141
93
33 103
36 129
140
92
0 120
18 127
137
90
18 125
29 132
138
90
29 117
32 142
136
89
0 127
16 134
134
88
16 132
28 139
135
88
0 134
7 143
131
86
7 134
16 140
129
84
32 129
35 147
132
86
16 139
18 166
130
85
18 139
27 148
128
83
0 143
10 152
126
82
10 140
13 162
127
82
18 148
28 163
124
81
28 142
32 159
133
87
13 140
16 166
123
80
32 147
34 179
122
79
0 152
7 165
120
78
34 147
36 183
121
78
18 163
26 176
125
81
28 159
32 182
119
77
0 165
7 174
118
77
0 174
16 180
117
76
16 176
20 187
116
75
0 180
12 185
114
74
20 176
24 211
112
73
24 182
31 199
115
74
12 180
16 205
113
73
32 179
34 198
111
72
0 185
3 206
110
71
3 185
11 198
109
70
16 187
19 209
108
69
3 198
11 204
107
69
24 199
32 207
106
68
3 204
9 223
105
67
24 207
32 223
104
66
9 209
20 217
102
65
9 217
20 222
103
65
9 222
17 237
100
64
32 198
35 221
101
64
17 223
35 229
99
63
0 223
9 236
97
62
17 229
21 252
98
62
21 229
35 234
95
61
21 234
25 247
96
61
25 234
34 248
94
60
0 236
7 249
93
59
7 237
10 269
92
58
10 237
16 249
90
57
21 247
24 264
91
57
24 248
35 256
89
56
10 252
18 271
87
55
0 249
3 267
88
55
24 256
31 273
86
54
31 256
36 275
85
53
0 271
16 275
84
53
16 273
26 283
83
52
0 275
10 280
81
51
26 273
31 282
82
51
10 275
14 296
80
50
31 275
36 292
78
49
14 275
16 292
79
49
0 280
6 291
77
48
16 283
23 291
76
48
6 280
8 309
75
47
16 291
26 296
74
47
26 282
31 297
72
46
8 296
16 311
70
44
0 291
3 313
73
46
16 296
24 309
71
45
24 297
32 312
69
44
32 292
36 318
68
43
3 311
15 318
67
43
16 309
19 327
66
42
19 312
28 316
65
42
28 312
32 339
64
41
19 316
25 329
63
41
0 318
10 326
62
40
0 326
9 342
60
39
25 316
28 350
61
39
10 318
13 336
59
38
13 329
25 333
58
38
32 318
36 343
57
37
13 333
19 347
56
36
0 342
11 348
54
35
19 333
21 358
55
35
0 348
12 355
53
34
21 333
25 364
52
33
28 343
36 358
50
32
12 347
19 363
49
31
0 363
17 370
48
31
25 350
27 384
47
30
19 358
21 383
44
28
27 358
31 376
51
32
31 358
35 392
43
28
0 370
14 375
45
29
0 375
10 382
46
29
10 375
19 388
41
27
21 364
24 395
42
27
0 382
10 398
39
26
10 388
19 396
40
26
24 384
29 401
38
25
10 396
19 409
36
24
29 392
32 415
37
24
0 398
10 406
35
23
0 409
16 413
34
23
19 395
24 411
33
22
32 392
34 409
32
21
16 411
24 428
30
20
34 392
36 421
31
20
24 401
28 425
28
19
0 413
4 432
29
19
4 413
16 421
26
18
32 409
34 427
27
18
4 428
19 434
24
17
19 428
33 434
25
17
0 434
8 454
23
16
8 434
19 439
22
16
34 421
36 450
21
15
19 434
23 459
19
14
23 434
26 456
20
14
26 434
34 453
18
13
0 454
18 461
17
13
26 453
30 470
16
12
0 461
13 466
15
12
30 453
34 483
14
11
13 461
22 466
13
10
0 466
11 471
12
9
11 466
25 470
11
8
11 470
15 504
10
7
15 470
23 475
9
7
23 470
27 493
7
6
27 470
30 492
8
6
15 493
30 500
5
5
0 471
9 475
6
5
15 500
27 505
4
4
0 475
6 485
3
3
34 450
36 483
2
2
30 483
36 503
0
1
6 475
9 500
1
1
