23
0 0
11 7
49
21
11 0
13 23
50
21
13 0
21 4
54
22
13 4
16 11
53
22
16 4
19 9
52
22
0 7
5 11
51
21
0 11
9 19
47
20
19 4
22 8
48
20
16 9
23 15
45
19
13 15
23 22
44
18
9 7
11 30
43
17
0 19
4 30
46
20
4 19
6 27
42
17
13 22
20 29
41
16
11 29
17 37
39
16
6 19
9 24
40
16
4 27
8 35
35
14
17 29
21 49
37
14
0 30
3 43
36
14
8 30
11 48
38
15
3 35
8 42
28
12
11 37
16 43
33
13
3 42
7 59
29
12
0 43
3 51
34
14
11 43
17 48
32
13
7 48
11 58
27
12
11 48
16 54
30
12
21 22
23 33
31
12
16 49
22 55
25
11
11 55
17 60
24
11
17 55
21 60
26
11
0 51
3 70
23
10
7 58
11 74
22
9
11 60
21 65
20
9
11 65
23 69
21
9
3 59
6 77
19
8
11 69
15 81
17
8
15 69
18 79
16
8
18 69
21 74
18
8
6 74
10 93
14
7
18 74
23 85
13
7
0 70
3 77
15
7
10 85
19 92
11
6
0 77
2 83
12
6
2 77
4 93
10
5
10 92
16 100
9
4
19 85
23 103
8
3
4 77
6 99
7
3
0 93
4 112
5
2
16 92
19 110
4
2
6 93
8 100
6
2
4 100
15 107
0
1
4 107
13 114
1
1
19 103
23 114
2
1
13 110
17 115
3
1
