24
0 0
7 6
45
15
7 0
13 5
44
14
13 0
16 10
41
13
16 0
22 8
46
15
7 5
13 16
37
12
22 0
24 21
47
15
0 6
5 14
38
12
16 8
20 26
39
12
5 6
7 13
40
12
0 16
10 24
36
12
13 10
16 16
42
13
20 8
22 13
43
13
10 16
15 24
33
11
20 13
22 21
35
11
20 21
23 26
34
11
0 24
7 32
32
11
7 24
16 30
28
10
16 26
22 30
29
10
7 30
12 36
24
9
12 30
15 35
30
10
22 26
24 32
31
10
15 32
23 40
23
9
0 32
3 41
25
9
3 32
5 43
26
9
5 32
7 40
27
9
12 35
15 44
22
8
7 36
12 41
21
7
15 40
20 46
16
6
20 40
24 46
17
6
5 41
9 46
19
6
0 43
4 48
18
6
9 41
11 49
20
6
11 44
14 49
14
5
4 46
7 50
15
5
14 46
17 70
11
4
7 46
9 57
12
4
17 46
19 51
13
4
19 46
22 69
0
1
0 50
7 56
6
3
9 49
14 55
7
3
9 55
12 60
9
3
0 57
9 63
2
2
22 46
24 69
10
3
9 60
13 66
8
3
17 51
19 62
5
2
0 63
3 71
1
1
3 63
8 71
3
2
8 66
12 71
4
2
