32
0 0
6 6
35
17
6 0
9 19
43
20
9 0
22 5
42
19
22 0
31 7
41
19
9 5
17 10
40
19
17 5
19 31
37
17
0 6
4 11
36
17
19 5
22 10
34
16
22 7
26 33
30
15
26 7
31 12
39
18
9 10
15 18
38
17
0 11
4 31
31
15
4 19
15 26
33
15
26 12
30 21
32
15
19 10
22 38
27
14
4 26
17 31
28
14
26 21
29 41
29
14
0 31
7 39
26
14
7 31
19 37
25
13
22 33
26 38
24
13
7 37
11 53
23
12
11 37
15 54
22
11
30 12
32 44
21
10
15 37
17 67
18
7
17 38
22 51
19
8
22 38
26 63
14
6
0 39
7 48
17
7
26 41
30 51
20
9
0 48
7 54
16
7
30 44
32 54
15
6
0 54
14 60
12
6
0 60
14 65
10
5
17 51
20 80
13
6
20 51
22 78
11
5
26 51
30 78
9
4
0 65
11 70
8
4
30 54
32 78
6
4
0 70
7 76
7
4
11 67
17 71
5
3
22 63
26 86
2
2
0 76
12 82
4
2
12 71
16 79
3
2
26 78
31 82
1
2
12 79
17 85
0
1
