36
0 0
16 4
110
75
16 0
20 27
109
74
20 0
30 16
107
73
30 0
33 34
106
72
0 4
5 16
108
73
33 0
36 32
111
75
5 4
12 20
105
72
20 16
26 29
104
71
0 20
8 38
103
70
8 27
20 34
102
70
8 34
24 40
99
68
26 16
30 52
94
64
0 40
13 47
97
67
13 40
24 48
100
68
0 47
8 67
98
67
8 48
21 54
96
66
8 54
26 60
95
65
8 60
24 66
93
64
8 66
21 71
92
63
33 32
36 58
101
69
26 58
36 68
91
62
0 67
8 75
89
61
24 60
26 81
90
61
8 71
24 75
88
60
26 68
30 84
87
59
0 75
18 82
86
58
30 68
32 97
85
57
32 68
36 90
83
56
18 75
22 86
84
56
0 82
9 87
82
55
9 82
16 93
81
54
22 84
28 101
75
50
0 87
9 93
80
53
0 93
16 100
79
53
16 86
19 108
78
52
32 90
36 124
77
51
28 97
32 131
76
50
19 86
22 113
71
46
0 100
2 134
73
48
2 100
4 126
74
49
4 100
11 109
72
47
4 113
20 119
70
46
22 101
25 137
69
45
4 119
10 131
68
44
25 101
28 134
67
43
10 119
17 137
66
42
2 131
10 136
65
42
25 134
34 138
64
41
17 119
22 135
63
40
0 137
15 142
62
40
15 137
25 143
60
38
0 142
12 147
59
38
25 138
29 154
58
37
12 143
22 147
56
36
0 147
11 152
57
37
11 147
23 153
55
36
29 138
33 154
61
39
0 152
10 169
53
35
10 153
18 169
54
35
18 154
32 161
51
34
18 161
32 167
52
34
33 138
36 169
50
33
18 167
22 184
48
31
0 169
12 173
47
31
22 167
32 179
46
30
12 169
16 199
49
32
0 173
8 187
45
29
22 179
31 192
44
29
0 187
11 191
42
28
16 169
18 185
43
28
0 191
9 209
40
27
32 169
35 197
41
27
16 185
22 200
36
24
22 197
36 202
39
26
9 199
14 214
38
25
14 202
31 209
35
24
14 209
27 215
34
23
0 209
9 222
37
25
9 215
27 221
32
22
27 209
36 216
33
22
9 221
24 229
30
21
27 216
29 248
31
21
0 229
11 235
28
20
29 216
32 248
23
17
32 216
34 240
26
18
11 229
22 235
27
19
24 221
27 252
24
17
0 235
9 239
29
20
34 216
36 246
22
16
9 235
12 266
21
15
12 235
17 252
20
15
17 235
24 252
25
18
12 252
28 257
19
14
12 257
22 261
18
13
0 239
9 255
17
12
28 248
33 268
16
11
33 246
36 278
14
9
0 255
9 263
15
10
22 257
24 284
12
8
0 266
17 273
11
8
24 257
27 291
13
9
0 273
18 280
9
7
18 261
21 280
10
7
0 280
17 287
8
6
27 278
36 297
7
5
0 287
15 294
6
5
0 294
16 301
4
4
17 280
20 306
5
4
0 301
17 307
2
3
20 284
23 309
3
3
23 297
34 304
1
2
23 304
34 309
0
1
