35
0 0
7 17
49
30
7 0
19 7
47
29
19 0
31 6
48
29
31 0
35 27
46
28
7 7
23 11
45
28
7 11
17 21
44
27
0 21
17 25
43
27
23 6
31 13
42
26
17 11
20 33
41
25
20 13
28 31
38
24
0 25
8 40
39
24
8 25
13 39
40
25
28 13
31 41
36
23
13 25
17 57
35
22
17 33
27 51
34
22
31 27
34 60
33
21
8 39
12 55
32
21
0 40
5 60
28
19
5 40
8 62
27
18
17 51
23 59
31
20
27 41
30 62
37
23
8 59
23 66
30
20
23 51
25 78
29
19
0 60
3 82
26
18
30 60
35 80
24
17
3 62
6 94
25
17
25 62
30 76
22
16
6 62
8 88
23
16
8 66
12 100
20
15
12 66
14 89
21
15
14 66
23 80
18
14
23 78
29 93
19
14
14 80
23 96
17
13
23 93
30 105
16
12
12 96
21 104
15
11
30 80
33 109
13
10
33 80
35 106
14
10
0 94
6 111
12
9
6 100
9 129
2
2
9 104
21 112
11
8
9 112
26 120
9
7
26 109
31 127
6
5
31 109
35 144
3
3
9 120
26 125
10
7
9 125
23 131
8
6
0 111
3 144
7
5
3 111
6 133
5
4
23 127
29 142
4
4
6 131
11 144
1
2
11 131
20 138
0
1
