22
0 0
3 5
100
32
3 0
7 7
99
32
7 0
16 7
97
31
16 0
22 8
98
31
0 5
2 10
101
32
2 7
7 14
95
30
7 7
10 13
96
30
10 7
14 22
94
29
0 14
10 19
92
28
14 7
16 17
93
28
16 8
20 20
89
27
0 19
5 26
88
27
20 8
22 19
91
27
5 19
8 26
90
27
14 17
16 24
87
26
16 20
19 33
86
25
8 22
12 28
85
24
12 24
16 32
84
23
0 26
4 40
77
22
4 28
12 33
81
23
4 33
11 40
82
23
11 33
16 40
83
23
19 20
22 30
79
22
0 40
9 45
76
22
16 33
20 40
78
22
9 40
12 46
80
22
12 40
15 60
74
21
15 40
19 51
71
21
0 45
4 55
72
21
4 45
9 57
68
20
15 51
19 60
69
20
20 30
22 40
75
21
0 55
4 60
73
21
0 60
11 66
66
20
11 60
19 66
67
20
0 66
4 72
70
20
4 66
14 73
57
18
14 66
19 73
62
19
19 40
22 48
64
19
0 72
4 79
60
18
4 73
8 80
59
18
8 73
14 78
58
18
19 48
21 64
65
19
19 64
22 78
63
19
14 73
19 83
54
17
8 78
12 98
45
14
19 78
22 83
61
18
0 79
4 91
52
16
12 78
14 87
56
17
4 80
7 99
55
17
14 83
20 89
51
16
12 89
15 93
53
16
20 83
22 90
50
15
15 90
21 95
49
15
12 95
17 102
44
14
0 91
2 101
48
14
2 99
12 104
41
13
17 95
21 100
46
14
17 100
20 105
47
14
12 102
17 114
42
13
20 100
22 109
43
13
0 104
8 110
36
12
8 104
11 116
39
12
0 110
8 116
37
12
17 105
20 113
40
12
11 114
17 125
38
12
17 113
21 118
35
11
0 116
11 123
30
10
0 123
10 130
31
10
17 118
20 125
32
10
20 118
22 126
34
10
10 125
20 131
28
9
0 130
3 135
33
10
3 130
6 137
29
9
6 130
10 137
25
8
10 131
15 137
24
8
15 131
19 137
26
8
0 137
4 142
27
8
4 137
11 143
22
7
19 131
22 141
20
6
11 137
16 144
23
7
0 143
7 151
17
6
16 141
22 147
18
6
7 143
11 151
19
6
11 144
14 158
13
4
14 147
20 157
16
5
0 151
8 158
15
5
20 147
22 152
21
6
8 151
11 156
14
4
14 157
20 164
4
2
0 158
6 162
9
3
8 156
11 162
12
3
20 152
22 161
8
2
11 158
14 178
10
3
6 158
8 169
7
2
0 162
4 184
1
1
8 162
11 178
11
3
14 164
17 185
6
2
17 164
21 176
5
2
4 169
7 177
3
1
4 178
13 185
0
1
17 176
21 185
2
1
