31
0 0
16 7
210
100
16 0
19 16
211
100
0 7
16 13
207
99
19 0
25 11
208
99
0 13
14 19
205
98
25 0
30 13
209
99
19 13
27 25
206
98
0 19
7 30
204
97
7 19
19 25
203
97
7 25
20 31
201
96
27 13
29 31
202
96
20 25
25 39
200
95
0 30
7 46
199
95
7 31
15 35
198
95
15 31
19 61
196
94
7 35
15 44
195
94
25 31
29 47
197
94
19 39
25 53
194
93
0 46
14 50
193
93
25 47
28 62
192
92
0 50
7 55
191
92
7 50
13 63
188
91
29 13
31 35
189
91
13 61
21 66
190
92
0 55
6 63
186
90
21 62
28 75
185
89
0 63
4 85
187
90
4 63
11 76
183
88
28 47
31 68
184
88
11 66
17 78
180
87
17 66
20 93
176
85
28 68
31 85
182
87
20 75
24 86
181
87
4 78
16 86
178
86
0 86
13 92
177
86
24 75
28 87
179
86
20 87
26 98
175
85
0 92
9 99
174
84
9 93
19 101
172
83
26 87
30 103
173
83
19 98
23 107
171
82
23 98
26 126
169
81
0 99
3 125
170
81
3 101
11 106
168
81
11 101
19 106
165
80
26 103
30 112
166
80
3 106
8 120
164
79
8 106
19 113
161
77
19 107
21 127
167
80
26 112
30 125
162
77
8 113
16 129
159
76
16 113
19 129
160
76
3 120
6 151
158
75
21 107
23 136
163
78
6 129
20 134
156
75
23 126
30 132
157
75
6 134
20 139
154
74
23 132
27 144
155
74
6 139
17 144
152
73
17 139
23 148
153
73
0 125
3 147
150
71
6 144
14 150
148
71
14 148
28 153
146
70
6 150
10 161
149
71
10 153
17 162
147
70
0 151
6 164
144
69
17 153
21 170
145
69
6 162
17 170
141
68
28 132
31 147
151
72
28 147
31 176
143
68
21 153
27 165
142
68
0 164
5 178
139
67
21 165
25 188
135
65
5 170
20 177
137
66
25 165
28 194
138
66
5 177
11 192
133
64
11 177
17 191
134
64
11 191
20 195
132
64
0 178
4 194
131
63
28 176
30 198
140
67
20 188
24 207
136
65
0 195
16 199
129
62
24 198
30 207
130
62
0 199
14 204
128
61
0 204
7 218
127
60
16 195
19 225
126
59
7 204
14 216
124
59
19 207
23 218
125
59
0 218
14 226
122
58
23 207
29 219
123
58
19 219
29 225
121
57
14 225
26 230
120
57
26 225
30 250
119
56
0 226
11 232
118
56
11 230
16 243
115
55
16 230
19 250
117
55
19 230
23 245
116
55
0 232
10 240
114
54
0 240
6 253
111
53
23 230
25 251
112
53
6 240
8 254
113
53
8 243
16 258
108
52
19 245
23 261
110
52
23 251
30 260
109
52
0 254
8 269
106
51
8 258
14 267
107
51
23 260
31 274
104
50
0 269
16 274
103
50
16 250
18 280
105
50
0 274
7 280
102
49
7 274
13 289
94
46
18 261
21 285
101
48
21 274
30 281
99
48
21 281
29 285
100
48
0 280
6 295
97
47
13 274
15 296
96
46
15 285
21 297
98
47
21 285
24 303
95
46
0 295
8 304
93
45
24 285
28 303
92
44
8 297
18 302
90
44
8 302
16 306
91
44
16 302
20 331
88
43
0 306
15 310
87
43
28 285
31 304
89
43
20 303
28 310
86
42
0 310
9 316
85
42
20 310
30 314
84
42
0 316
15 322
82
41
20 314
29 320
83
41
0 322
15 327
79
40
20 320
23 344
81
40
0 327
12 332
80
40
23 320
29 326
78
39
0 332
12 339
75
38
23 326
28 337
77
38
12 331
19 337
76
38
12 337
16 361
74
37
0 339
12 346
72
37
16 344
27 351
73
37
0 346
6 358
70
36
28 326
31 349
71
36
16 351
27 357
69
36
6 346
12 356
67
35
27 349
30 362
68
35
0 358
12 364
66
35
16 357
24 372
64
34
0 364
14 370
63
34
24 362
30 372
65
34
14 361
16 388
59
30
0 370
7 374
62
33
16 372
29 377
61
32
7 370
14 379
58
30
16 377
28 383
60
31
0 374
7 387
55
29
16 383
28 390
57
30
7 379
13 390
56
29
28 377
31 398
54
28
0 390
15 397
53
28
15 390
19 412
51
27
0 397
14 402
50
27
19 390
22 405
52
27
22 398
30 408
49
26
0 402
7 416
47
25
7 402
14 411
48
25
19 405
22 429
44
24
22 408
24 439
45
24
24 408
26 434
46
24
26 408
31 421
43
23
0 416
13 422
42
22
13 412
19 424
40
21
0 422
6 427
41
21
6 424
17 430
38
20
26 421
31 429
39
20
0 427
5 439
36
19
17 429
21 439
37
19
0 439
15 443
34
18
26 429
31 439
35
18
15 439
22 443
33
17
0 443
11 449
31
16
24 434
26 453
32
16
0 449
14 457
29
15
26 439
29 467
30
15
14 443
19 455
27
14
19 443
24 453
28
14
19 453
26 465
25
13
0 457
12 462
24
13
12 457
19 461
26
13
29 439
31 464
23
12
12 461
15 489
22
11
15 461
19 476
21
11
0 462
4 491
20
10
4 462
12 473
18
9
19 465
24 481
19
9
24 467
27 480
17
8
4 473
10 477
16
8
4 477
9 491
14
7
27 467
30 483
15
7
15 481
26 486
12
6
15 486
31 491
11
6
9 477
12 491
10
5
0 491
5 507
9
4
5 491
14 498
7
4
14 491
20 501
8
4
20 491
24 500
6
3
5 498
13 512
3
2
24 491
29 503
13
6
20 500
24 519
4
2
13 501
16 517
5
2
24 503
31 514
0
1
16 501
20 519
2
1
0 507
5 516
1
1
