30
0 0
7 12
40
20
7 0
19 7
39
19
19 0
25 13
41
20
25 0
30 8
42
20
7 7
18 12
36
17
0 12
6 25
37
17
6 12
12 16
35
16
25 8
27 21
33
15
12 12
16 20
32
15
16 13
20 26
34
16
20 13
24 43
38
18
6 20
16 26
30
14
27 8
30 25
31
14
24 21
27 43
29
13
0 25
3 55
26
11
3 26
10 40
27
11
10 26
16 35
28
12
27 25
30 40
24
10
10 35
17 42
25
10
17 26
20 53
22
9
3 40
6 57
20
9
6 42
17 49
23
10
20 43
25 53
21
9
6 49
12 63
19
8
27 40
30 53
18
8
12 49
15 71
16
7
15 53
29 60
17
8
15 60
30 65
15
7
0 57
5 68
14
7
15 65
29 70
13
6
0 68
10 75
11
5
15 70
21 78
12
6
21 70
24 87
9
5
24 70
28 81
5
3
0 75
10 79
8
4
10 71
14 101
2
2
28 70
30 100
7
4
14 78
17 91
10
5
0 79
6 93
4
3
17 78
20 102
6
4
20 87
28 102
0
1
0 93
7 102
1
2
7 79
10 94
3
3
