36
0 0
9 16
155
100
9 0
11 28
156
100
11 0
20 16
154
99
20 0
22 28
150
96
22 0
29 10
152
98
29 0
36 8
153
98
29 8
32 43
151
97
0 16
8 32
149
95
11 16
20 20
148
95
8 28
21 35
147
94
0 35
17 43
145
93
0 43
17 47
146
93
32 8
36 30
144
92
22 10
25 27
143
91
25 10
27 28
142
90
21 28
25 55
141
90
25 43
34 49
140
89
0 47
18 54
138
88
0 54
14 59
139
88
25 49
34 65
137
87
14 55
23 67
135
86
0 59
3 90
136
86
3 59
13 72
134
85
13 67
28 74
132
84
28 65
33 74
133
84
3 74
21 81
131
83
21 74
35 79
129
82
21 79
24 99
130
82
24 79
36 86
128
81
3 81
8 91
126
80
8 81
21 88
127
81
24 86
26 107
125
79
0 91
17 99
124
79
0 99
17 106
122
78
26 86
29 106
123
78
0 106
8 123
120
77
29 86
33 101
121
77
8 106
17 112
119
76
33 86
36 117
118
75
17 88
19 122
114
72
19 99
23 116
117
74
26 106
32 117
116
74
8 112
14 130
115
73
19 117
31 125
113
72
14 125
30 131
111
71
31 117
34 141
112
71
0 130
9 144
109
70
34 117
36 135
110
70
9 130
12 155
108
69
12 131
24 137
107
69
12 137
25 144
106
68
25 141
35 161
104
67
0 144
8 155
102
66
12 144
15 163
103
66
15 144
18 166
105
67
18 144
24 163
101
65
0 155
12 161
99
64
0 161
9 166
100
64
9 161
12 184
98
63
24 161
31 169
97
63
12 166
22 182
96
62
22 169
36 177
95
62
0 166
3 194
94
61
22 177
36 182
93
61
3 166
5 199
92
60
5 166
8 186
91
59
12 182
16 214
90
58
16 182
28 189
89
58
28 182
34 190
88
57
5 186
11 194
87
57
34 182
36 198
71
46
16 190
33 196
86
56
16 196
30 200
85
55
5 194
12 214
83
54
16 200
34 205
84
55
16 205
25 220
82
54
0 194
2 226
81
53
25 205
30 224
80
52
30 205
34 240
67
43
2 214
12 219
79
52
2 220
18 228
78
51
0 228
18 233
77
50
18 220
25 231
76
49
0 233
14 240
74
48
25 224
28 251
75
48
18 231
21 253
73
47
0 240
5 250
72
47
5 240
12 255
70
45
12 253
29 259
69
45
34 198
36 229
68
44
29 240
33 271
66
42
0 255
7 264
65
42
7 259
15 273
64
41
15 259
24 265
63
41
0 264
7 281
62
40
15 265
23 276
61
40
7 276
23 282
59
39
33 240
36 271
60
39
0 282
18 289
58
38
24 259
27 277
57
37
23 277
33 282
56
37
18 282
34 287
54
36
18 287
28 292
55
36
34 271
36 293
46
30
0 289
7 303
52
35
28 287
31 306
53
35
7 289
16 293
51
34
31 287
34 314
50
33
7 293
20 299
47
31
7 299
17 305
48
31
20 292
22 326
45
30
0 305
9 317
43
29
22 292
26 315
44
29
9 305
18 325
41
28
26 306
29 340
42
28
0 317
9 331
40
27
9 326
22 332
39
26
0 332
17 339
38
25
29 314
33 343
49
32
17 332
26 350
37
24
0 339
13 345
36
24
33 314
36 345
35
23
0 345
9 351
34
23
13 339
16 374
32
22
26 340
29 362
33
22
29 343
33 371
31
21
16 350
25 362
30
21
0 351
10 367
29
20
10 345
13 381
28
19
16 362
22 378
27
18
22 371
33 377
26
18
0 367
4 400
25
17
4 367
9 378
24
17
13 378
30 382
22
16
4 381
12 385
23
16
30 377
36 394
21
15
12 382
20 392
20
15
20 382
28 396
19
14
4 385
8 415
18
13
8 396
23 402
17
13
23 396
33 410
15
12
8 402
13 416
16
12
0 400
4 432
14
11
13 402
20 412
13
11
33 394
36 425
12
10
13 412
30 419
11
9
4 416
13 424
9
8
13 419
21 427
10
8
21 419
30 428
8
7
4 428
22 436
6
6
30 410
33 428
7
6
33 425
36 460
5
5
22 428
27 441
4
4
0 436
18 443
3
3
18 441
25 456
1
2
27 428
30 459
2
2
30 428
32 461
0
1
