24
0 0
5 11
587
199
5 0
9 8
588
199
9 0
11 7
586
198
11 0
15 18
585
197
15 0
20 10
584
197
20 0
24 20
581
196
5 8
11 18
580
196
15 10
18 17
582
196
0 11
3 17
583
196
0 17
3 33
577
195
15 17
18 28
578
195
3 18
8 24
576
195
18 10
20 17
579
195
8 18
11 23
575
194
3 24
15 29
572
193
18 20
21 38
574
193
3 29
7 41
573
193
7 29
13 37
568
192
21 20
24 29
569
192
15 28
18 36
570
192
21 29
24 33
571
192
0 33
3 39
566
191
21 33
24 38
567
191
13 36
16 51
563
190
16 36
18 49
564
190
7 37
9 46
565
190
0 46
9 53
559
189
9 51
18 57
560
189
18 38
23 46
561
189
18 46
20 52
562
189
0 53
9 60
556
188
9 57
16 65
557
188
20 46
23 57
558
188
16 57
20 77
554
187
20 57
23 62
555
187
0 60
3 76
552
186
3 65
10 71
550
186
20 62
23 70
553
186
10 65
14 69
551
186
10 69
14 85
546
185
20 70
24 80
548
185
3 71
7 81
547
185
14 77
18 82
549
185
7 71
10 93
545
184
18 80
23 91
541
183
0 76
3 88
543
183
3 81
7 89
542
183
14 82
17 88
544
183
10 91
21 95
536
182
0 88
2 107
539
182
2 89
6 97
538
182
6 93
10 101
537
182
21 91
23 96
540
182
10 95
21 102
532
181
21 96
24 116
534
181
2 97
6 107
533
181
6 101
9 112
535
181
9 102
14 109
531
180
14 102
18 109
529
179
18 102
21 109
530
179
0 107
4 120
528
178
9 109
15 117
525
177
15 116
23 122
527
178
4 117
15 124
524
177
0 120
2 142
526
177
2 124
14 129
521
176
15 122
22 129
522
176
2 129
7 136
523
176
7 129
11 138
520
175
11 129
17 134
519
175
17 129
22 139
516
174
11 134
14 148
518
174
2 136
6 144
517
174
6 138
10 151
513
173
14 139
19 146
512
173
19 139
22 146
515
173
0 144
4 149
514
173
14 146
22 152
511
172
10 148
13 169
509
171
22 122
24 146
510
171
0 149
4 159
508
171
4 151
9 158
506
171
13 152
18 158
507
171
18 152
23 163
502
170
4 158
8 170
503
170
8 158
10 174
505
170
13 158
16 165
504
170
0 159
4 175
499
169
16 163
21 169
498
169
21 163
24 172
500
169
13 165
16 170
501
169
10 170
18 177
494
168
4 170
8 180
495
168
18 169
20 181
496
168
20 172
22 183
497
168
0 175
3 197
491
167
22 172
24 177
492
167
8 174
10 178
493
167
10 177
14 184
490
166
14 177
17 196
487
165
3 180
7 191
486
165
22 177
24 193
489
165
7 180
10 186
488
165
17 183
21 204
483
164
10 184
14 192
484
164
3 191
8 197
482
164
8 192
12 198
485
164
0 198
11 204
479
163
12 196
16 205
480
163
0 204
4 210
481
163
4 205
15 210
477
162
21 193
24 198
478
162
15 205
24 210
474
161
0 210
4 218
476
161
4 210
10 215
475
161
10 210
15 221
473
160
15 210
19 219
472
159
0 218
8 222
471
159
19 210
21 232
470
158
21 210
24 216
469
158
8 215
10 234
468
157
21 216
24 221
467
156
15 219
19 233
464
155
0 222
6 231
463
155
10 233
21 237
462
155
21 221
24 230
465
155
6 222
8 227
466
155
0 234
9 241
457
154
9 237
13 248
458
154
21 230
24 244
459
154
13 237
16 245
460
154
16 237
18 245
461
154
13 245
23 252
455
153
0 241
8 247
456
153
0 247
7 255
451
152
7 248
10 261
452
152
10 248
13 257
453
152
13 252
15 260
454
152
15 252
19 273
448
151
19 252
22 259
449
151
0 255
3 261
450
151
3 255
7 265
446
150
22 252
24 260
447
150
10 260
14 269
441
149
19 259
21 276
444
149
0 265
4 273
442
149
21 260
24 265
443
149
7 261
9 265
445
149
4 265
7 273
440
148
7 265
10 285
439
147
10 276
21 280
438
147
0 273
7 280
436
146
21 265
24 275
437
146
21 275
24 294
435
145
10 280
19 286
434
145
0 280
5 290
430
144
5 285
10 294
431
144
10 286
13 297
432
144
19 280
21 287
433
144
0 294
10 300
426
143
13 286
16 305
427
143
16 286
18 309
429
143
18 287
21 293
428
143
18 293
21 297
425
142
18 297
22 315
423
141
0 300
9 307
421
141
0 307
10 313
420
141
10 305
16 312
422
141
10 312
13 320
424
141
13 312
18 321
417
140
0 313
6 319
416
140
6 313
10 320
418
140
18 315
21 324
419
140
0 319
4 334
413
139
4 320
10 327
412
139
22 294
24 315
414
139
21 315
23 325
415
139
10 321
14 330
411
138
14 324
19 329
410
138
19 325
23 345
408
137
4 327
6 336
409
137
6 327
10 350
405
136
10 330
16 339
403
136
16 329
18 351
407
136
0 336
6 341
404
136
10 339
14 346
406
136
0 350
12 356
399
135
12 351
21 357
400
135
0 356
5 366
401
135
5 356
9 364
402
135
9 357
15 364
398
134
5 364
16 369
397
134
16 357
20 367
395
133
21 345
23 359
396
133
0 366
5 376
392
132
16 367
22 375
390
132
5 369
9 379
394
132
9 369
15 373
391
132
9 373
14 377
393
132
14 375
24 383
385
131
0 376
3 393
389
131
9 377
13 388
386
131
3 379
7 389
387
131
13 383
17 389
388
131
17 383
21 391
383
130
7 379
9 391
384
130
21 383
23 406
382
129
9 388
13 400
381
128
3 391
8 398
380
127
13 389
15 409
379
126
15 391
19 399
377
126
0 398
5 403
376
126
5 398
9 404
378
126
15 399
18 413
375
125
9 400
13 405
374
125
18 399
21 411
373
124
0 403
3 407
372
123
3 405
10 413
367
122
10 409
14 421
369
122
18 411
23 416
368
122
0 407
3 415
370
122
3 413
5 418
371
122
5 413
10 419
366
121
14 416
19 422
365
121
0 421
12 427
360
120
19 416
21 435
363
120
21 416
24 423
362
120
12 422
15 429
361
120
15 422
17 427
364
120
0 427
11 435
355
119
21 423
24 442
358
119
11 429
16 438
356
119
0 435
4 445
357
119
16 427
19 438
359
119
4 435
8 456
354
118
8 438
19 443
352
118
19 442
24 448
353
118
8 443
12 461
351
117
12 443
18 451
350
117
0 445
3 455
348
116
18 448
21 457
349
116
21 448
24 458
347
115
12 451
14 455
346
114
12 455
17 462
344
113
0 455
3 464
345
113
3 456
7 478
342
112
17 457
21 463
343
112
7 461
12 470
341
111
12 463
22 468
338
110
12 468
19 472
339
110
19 468
23 474
340
110
0 464
3 474
337
109
7 470
11 476
336
109
11 472
15 490
334
108
15 472
19 479
335
108
0 478
11 485
330
107
19 474
22 496
332
107
0 485
7 491
331
107
15 479
18 488
333
107
7 490
14 497
326
106
0 497
11 501
325
106
14 496
20 502
327
106
20 496
23 507
328
106
11 497
14 501
329
106
0 501
6 513
321
105
6 502
16 509
320
105
16 502
18 524
324
105
18 507
21 518
322
105
21 507
24 512
323
105
6 509
11 520
316
104
11 509
16 518
317
104
0 520
10 524
315
104
11 518
15 526
318
104
18 518
22 522
319
104
0 524
9 530
312
103
22 512
24 524
314
103
18 522
21 527
313
103
9 526
13 531
310
102
15 524
18 528
311
102
21 524
24 528
309
101
13 528
23 535
304
100
0 530
4 547
306
100
4 531
13 538
305
100
13 535
17 539
307
100
17 535
20 540
308
100
20 535
24 554
303
99
4 538
8 560
302
98
8 540
19 548
300
98
8 548
17 555
301
98
8 555
17 559
296
97
17 554
22 561
298
97
0 547
4 553
299
97
8 559
14 563
297
97
0 553
4 565
292
96
4 560
8 565
293
96
14 561
18 565
294
96
18 561
21 566
295
96
8 563
14 570
291
95
0 565
4 587
288
93
22 554
24 572
290
94
4 565
8 571
289
93
14 565
18 580
287
92
8 570
13 580
286
92
18 572
23 582
285
92
4 580
15 586
284
91
15 582
20 588
281
90
20 582
22 592
283
90
4 586
11 590
280
90
11 588
16 592
282
90
0 587
3 602
279
89
3 590
8 598
277
89
16 588
20 597
278
89
8 592
12 605
272
87
12 597
20 604
274
88
20 592
23 605
275
88
3 598
5 604
276
88
0 605
11 612
271
87
12 604
17 614
269
86
17 604
20 620
273
87
20 605
23 629
270
86
0 612
6 623
264
85
6 612
9 629
268
85
9 614
14 623
265
85
14 620
19 627
266
85
0 623
5 629
267
85
9 623
12 637
261
84
12 627
16 637
260
84
16 627
20 637
259
84
0 629
3 635
262
84
3 629
5 633
263
84
3 633
8 639
257
83
20 629
24 636
258
83
0 635
3 657
255
82
8 637
19 643
253
82
20 636
24 643
254
82
3 639
5 651
256
82
5 639
7 646
252
81
7 643
16 650
248
80
16 643
23 650
249
80
5 650
8 661
251
80
8 650
14 654
250
80
14 650
17 673
246
79
17 650
20 670
247
79
0 661
11 666
243
79
20 650
24 659
245
79
0 666
5 671
244
79
5 666
10 675
239
78
20 659
24 666
240
78
11 654
13 665
242
78
10 666
14 670
241
78
20 666
23 677
238
77
10 670
13 681
237
77
13 677
24 684
233
76
0 675
7 682
234
76
7 681
11 689
236
76
0 682
6 687
235
76
11 684
15 693
231
75
15 684
19 689
232
75
19 684
23 689
230
74
0 687
3 697
229
73
3 687
6 704
226
72
6 689
9 701
227
72
15 689
19 697
225
72
19 689
22 695
228
72
9 693
12 702
224
71
12 693
15 717
222
70
19 695
22 699
223
70
15 699
20 704
217
69
22 689
24 699
219
69
0 697
3 702
218
69
20 699
22 706
221
69
22 699
24 706
220
69
6 702
10 723
215
68
0 702
3 719
216
68
3 704
6 714
213
67
15 704
18 713
214
67
18 706
21 712
212
66
15 713
22 719
209
65
3 714
6 724
210
65
10 702
12 710
211
65
10 719
21 726
204
64
0 724
9 732
205
64
9 726
14 734
207
64
14 726
22 731
206
64
14 731
17 737
208
64
17 731
21 745
201
63
0 732
9 738
200
63
22 706
24 725
202
63
22 725
24 740
203
63
9 734
11 757
198
62
11 734
13 754
199
62
0 738
6 742
197
62
0 742
8 750
193
61
13 737
15 752
196
61
21 740
24 746
194
61
15 745
18 749
195
61
18 746
24 752
192
60
0 750
4 771
188
59
15 749
18 764
190
59
4 750
8 755
189
59
18 752
21 757
191
59
4 757
10 768
185
58
21 752
24 769
187
58
10 764
17 771
184
58
17 764
21 771
186
58
4 768
8 786
181
57
8 771
17 776
180
57
21 769
24 777
183
57
0 771
4 777
182
57
8 776
19 782
176
56
19 777
24 784
177
56
8 782
13 787
178
56
0 777
2 784
179
56
13 782
16 796
172
55
2 777
4 788
175
55
16 782
19 788
173
55
19 784
22 789
174
55
4 786
8 802
171
54
8 787
13 793
170
54
0 784
2 795
169
53
22 784
24 800
168
52
16 788
19 798
166
52
8 793
12 800
164
52
0 795
4 801
165
52
19 789
22 794
167
52
12 798
20 806
160
51
0 802
5 807
161
51
20 794
22 801
162
51
8 800
10 805
163
51
20 801
23 823
156
50
5 805
9 814
155
50
9 805
12 814
157
50
12 806
14 814
158
50
14 806
16 811
159
50
16 806
20 822
152
49
0 814
10 820
151
49
10 814
14 821
153
49
14 811
16 818
154
49
0 821
11 828
149
48
11 821
14 826
150
48
14 822
17 837
148
47
17 822
20 840
146
46
20 823
23 828
147
46
0 828
11 834
143
45
11 826
14 836
144
45
20 828
22 835
145
45
0 836
12 843
140
44
20 835
23 846
142
44
12 837
17 842
141
44
12 842
17 854
138
43
0 843
9 849
137
43
17 840
20 844
139
43
17 846
24 853
134
42
0 849
9 854
133
42
17 853
23 859
135
42
9 843
12 850
136
42
0 854
5 860
130
41
9 850
12 859
131
41
5 854
7 858
132
41
12 854
17 858
129
40
5 859
11 867
128
39
11 859
18 864
127
39
18 859
24 864
125
38
0 860
2 865
126
38
11 864
17 874
121
37
17 864
23 870
122
37
0 865
4 872
124
37
4 867
9 872
123
37
17 870
21 885
119
36
0 872
4 885
120
36
4 874
15 882
115
35
4 882
8 899
116
35
8 882
12 890
117
35
12 882
16 888
118
35
0 885
4 896
111
34
21 870
24 882
114
34
21 882
24 894
113
34
16 885
21 891
110
34
12 888
16 895
112
34
8 890
12 897
107
33
16 891
20 896
108
33
20 894
23 900
109
33
8 897
18 904
105
32
0 899
5 907
106
32
5 904
13 911
100
31
18 900
21 917
104
31
13 904
18 913
103
31
0 911
8 916
101
31
8 913
14 918
102
31
21 900
24 918
98
30
14 913
16 937
99
30
0 916
5 921
97
30
5 918
13 925
92
29
16 918
22 925
93
29
0 921
5 929
94
29
5 925
8 937
96
29
8 925
11 937
95
29
11 925
14 947
88
28
16 925
19 936
90
28
19 925
22 936
89
28
16 936
22 940
87
28
0 929
3 934
91
28
0 934
4 942
86
27
4 937
10 941
85
27
14 940
19 951
81
26
19 940
24 948
82
26
4 941
7 950
84
26
7 947
13 951
80
26
0 942
4 946
83
26
0 946
4 966
79
25
4 951
10 959
78
25
10 951
18 956
77
25
10 956
19 964
73
24
19 948
21 966
76
24
21 948
24 958
75
24
4 959
8 964
74
24
4 964
10 971
68
23
21 958
24 968
69
23
10 964
13 972
70
23
13 964
16 969
71
23
16 964
18 971
72
23
0 966
3 987
65
22
18 966
21 977
64
21
21 968
24 974
66
22
13 969
15 974
67
22
3 971
10 976
62
21
10 974
14 981
63
21
14 977
24 982
57
20
3 976
9 984
58
20
9 981
12 988
59
20
12 981
14 988
61
20
14 982
17 986
60
20
17 982
21 989
56
19
3 984
9 992
53
18
21 982
24 996
54
18
9 988
17 993
52
18
0 987
2 997
55
18
17 989
21 996
51
17
2 992
4 1001
50
16
4 992
9 999
47
15
9 993
12 1001
49
15
12 993
15 1005
48
15
0 1001
11 1009
44
14
15 996
20 1007
45
14
20 996
24 1005
46
14
11 1007
21 1015
39
13
0 1009
4 1026
40
13
4 1009
8 1024
41
13
21 1005
24 1012
43
13
8 1015
13 1026
35
12
21 1012
24 1029
38
12
13 1015
16 1025
42
13
16 1015
20 1027
36
12
4 1024
8 1030
37
12
8 1026
16 1032
30
11
16 1029
22 1036
31
11
0 1026
4 1034
32
11
4 1030
8 1036
33
11
8 1032
12 1037
34
11
12 1036
22 1043
25
10
0 1034
3 1052
26
10
3 1036
6 1046
27
10
6 1037
9 1046
28
10
22 1029
24 1042
29
10
9 1037
12 1045
24
9
12 1043
15 1054
23
8
15 1043
24 1051
18
7
9 1045
12 1063
20
7
3 1046
6 1054
21
7
15 1051
21 1055
19
7
6 1046
8 1051
22
7
0 1054
7 1062
16
6
12 1055
21 1059
15
6
21 1051
24 1058
17
6
12 1059
22 1065
12
5
0 1062
4 1086
14
5
4 1062
9 1070
13
5
9 1065
15 1071
10
4
15 1065
20 1070
7
3
20 1065
24 1070
11
4
4 1071
16 1075
6
3
16 1070
20 1074
9
3
4 1075
14 1082
5
2
20 1070
24 1084
3
1
16 1074
20 1078
8
3
14 1078
19 1084
2
1
4 1082
13 1089
1
1
13 1084
24 1091
0
1
0 1086
2 1091
4
1
