32
0 0
2 12
496
199
2 0
8 4
495
199
8 0
11 18
483
193
11 0
14 10
494
198
14 0
18 15
492
197
18 0
21 10
493
197
21 0
25 5
490
196
25 0
30 4
489
196
2 4
5 17
491
196
25 4
30 15
486
195
11 15
23 19
485
195
5 4
8 14
488
195
23 15
28 21
487
195
5 14
8 44
484
194
8 19
15 25
476
190
0 17
5 21
482
193
15 19
20 31
481
192
20 21
28 26
480
191
28 15
32 46
478
190
0 21
5 34
477
190
8 25
11 42
479
190
11 31
23 36
474
189
23 26
27 37
475
189
0 34
3 44
473
188
11 36
15 61
472
187
15 37
28 44
469
187
0 44
10 52
470
187
15 44
21 48
471
187
21 44
25 55
467
186
25 46
32 52
466
186
15 48
17 58
468
186
17 48
19 65
465
185
0 52
5 64
462
184
19 48
21 69
464
184
25 52
32 57
461
184
5 52
9 59
463
184
21 55
25 85
459
183
25 57
28 76
460
183
5 59
10 67
458
183
0 67
12 71
456
182
28 57
31 86
455
181
0 71
13 77
454
181
13 61
16 72
457
182
13 72
20 87
452
180
0 77
7 83
453
180
0 83
9 90
448
179
9 77
13 92
451
179
20 85
28 91
449
179
13 87
19 91
450
179
28 86
31 103
447
178
0 90
4 94
446
178
13 91
21 99
442
177
4 90
8 98
445
177
21 91
25 99
444
177
0 98
7 102
443
177
8 92
12 109
440
176
25 91
28 106
441
176
12 99
18 104
439
176
12 104
25 108
437
175
0 102
3 117
438
175
12 108
24 115
434
174
3 115
16 120
433
174
28 103
30 117
435
174
30 103
32 107
436
174
25 106
28 132
431
173
16 115
19 137
432
173
0 120
7 127
429
173
19 115
24 122
430
173
30 107
32 127
427
172
28 117
30 124
428
172
7 120
12 135
424
171
19 132
27 139
423
171
12 120
14 136
426
171
0 127
3 137
425
171
3 136
15 141
420
170
15 139
25 144
421
170
28 127
31 134
422
170
27 134
30 166
418
169
0 141
7 146
417
169
30 134
32 149
419
169
7 141
10 160
415
168
25 139
27 147
416
168
10 141
14 146
414
167
14 144
21 151
413
166
10 151
18 158
411
165
21 144
25 149
412
165
0 146
3 171
410
164
3 146
5 164
408
163
5 146
7 154
409
163
21 149
24 167
407
162
10 158
14 169
406
162
24 149
27 177
405
161
3 169
14 174
404
161
14 158
18 189
402
160
18 151
21 175
403
160
0 174
11 180
400
159
18 177
26 182
401
159
0 180
7 191
398
158
18 182
29 187
397
158
7 180
13 186
399
158
29 166
32 189
395
157
7 186
10 204
396
157
10 186
14 198
393
156
18 187
25 193
392
156
25 187
29 193
394
156
14 193
28 200
389
155
29 189
32 211
391
155
0 191
7 197
390
155
0 197
4 220
387
154
4 197
7 217
388
154
10 200
19 206
385
154
19 200
26 204
386
154
19 204
27 212
383
153
7 204
10 211
384
153
7 211
19 218
381
152
27 200
29 213
382
152
29 211
31 233
380
151
19 212
25 219
377
151
4 218
9 225
379
151
9 218
15 222
378
151
25 212
27 241
376
150
15 219
22 225
374
150
0 225
8 230
373
150
9 222
14 227
375
150
14 225
21 233
372
149
8 227
13 238
371
148
0 230
7 237
370
148
21 225
25 240
368
147
0 238
10 244
366
147
27 213
29 229
369
147
13 233
18 239
367
147
10 239
17 249
365
146
17 240
23 249
362
145
23 241
30 246
361
145
30 233
32 247
364
145
0 244
3 253
363
145
23 247
31 260
359
144
3 244
6 269
360
144
6 249
19 254
358
144
19 249
22 280
357
143
0 253
3 280
356
142
6 254
11 259
355
141
11 254
15 278
353
140
15 254
17 277
354
140
6 259
11 263
352
140
3 278
14 286
349
139
22 260
25 281
351
139
25 260
31 267
350
139
25 267
29 295
346
138
15 277
19 298
347
138
0 286
11 291
345
138
29 267
32 285
348
138
19 280
22 304
344
137
11 286
15 299
343
137
0 291
5 301
342
136
22 295
31 300
338
135
5 291
7 308
340
135
7 291
9 306
341
135
15 298
19 302
339
135
22 300
29 307
335
134
9 299
15 304
336
134
29 300
31 313
337
134
0 301
4 314
334
133
9 304
16 316
333
132
16 302
19 331
332
131
19 307
26 319
330
131
0 316
14 322
329
131
19 319
26 326
331
131
0 322
13 329
327
130
26 313
30 318
328
130
19 326
26 331
326
129
0 329
12 337
322
128
12 331
23 337
323
128
26 318
29 339
325
128
0 337
7 344
324
128
7 337
12 344
321
127
12 337
26 344
317
126
29 318
32 349
319
126
0 344
8 350
318
126
26 339
28 345
320
126
8 344
14 351
316
125
14 344
17 368
313
124
17 344
20 359
314
124
20 344
23 356
315
124
23 349
31 355
311
123
0 350
2 356
312
123
2 351
14 356
310
122
23 355
28 361
309
121
0 356
8 363
308
120
17 361
25 366
305
119
25 361
32 366
306
119
8 356
10 368
307
119
10 356
14 371
304
118
17 366
27 374
300
117
0 363
2 393
303
117
2 363
8 368
301
117
2 368
8 372
302
117
27 366
29 392
299
116
29 366
32 380
298
116
8 371
12 375
297
116
12 374
25 379
294
115
2 375
9 383
295
115
25 374
27 393
296
115
9 375
12 399
293
114
12 379
18 388
292
114
18 379
25 386
291
114
2 383
6 389
288
111
29 380
32 410
289
112
18 386
25 392
290
113
12 392
22 399
287
111
2 389
8 400
285
110
22 393
28 399
286
110
8 399
11 419
282
109
0 393
2 421
283
109
11 399
13 422
284
109
13 399
17 423
280
108
17 399
21 419
281
108
21 399
29 406
278
108
2 400
8 411
277
107
21 406
25 430
279
108
2 419
11 424
276
107
25 406
29 425
275
106
11 423
21 430
273
106
0 430
12 435
272
106
12 430
20 435
274
106
29 410
32 431
270
105
20 430
25 440
269
105
25 425
28 441
271
105
0 435
12 441
267
104
28 431
32 441
268
104
12 435
18 441
266
103
18 440
25 444
265
103
0 441
4 455
263
102
4 441
8 452
264
102
8 441
13 448
262
102
13 444
25 450
258
101
8 450
16 458
260
101
16 450
25 457
259
101
25 441
27 450
261
101
27 441
32 454
255
100
4 452
7 466
256
100
25 450
27 465
257
100
27 454
31 468
254
99
16 457
21 463
253
99
7 458
14 465
252
98
14 463
21 470
251
98
0 466
14 473
249
97
21 465
26 471
250
97
14 471
25 478
245
96
26 468
30 483
247
96
0 473
3 490
248
96
3 473
10 480
246
96
10 478
18 486
242
95
18 478
25 484
243
95
30 468
32 481
244
95
3 480
9 488
241
94
18 484
30 488
240
94
3 488
16 496
239
93
16 488
25 493
237
92
25 488
29 493
238
92
16 493
28 500
235
91
0 496
5 503
236
91
5 496
13 509
231
90
29 488
32 511
234
90
13 500
18 512
233
90
18 500
24 507
232
90
18 507
26 517
229
89
0 509
9 516
228
89
9 509
13 515
230
89
0 516
12 523
225
88
26 511
32 516
226
88
13 512
17 517
227
88
26 516
30 540
223
87
12 517
15 538
224
87
15 517
18 536
222
86
18 517
24 523
219
86
0 523
5 530
220
86
5 523
10 529
221
86
18 523
22 554
217
85
22 523
25 542
218
85
5 529
8 556
216
84
8 538
14 547
215
84
0 530
3 545
214
83
25 540
31 547
213
83
15 536
18 551
212
82
22 547
31 552
211
82
0 545
4 569
210
81
8 547
14 558
209
81
14 551
17 575
208
80
22 552
29 562
207
80
29 552
32 577
205
79
17 554
19 584
206
79
0 569
12 574
203
79
19 562
25 567
204
79
0 574
12 581
199
78
25 562
29 582
201
78
0 581
8 586
200
78
12 558
14 575
202
78
19 567
22 584
198
77
22 567
25 594
197
76
12 575
17 581
196
76
29 577
32 608
195
75
8 581
11 608
192
74
11 581
13 601
194
74
13 584
18 591
191
74
25 582
28 593
193
74
13 591
22 599
189
73
0 586
8 593
190
73
13 599
24 604
187
72
11 604
21 609
188
72
0 593
7 600
185
71
0 600
7 605
186
71
0 608
9 615
181
70
25 593
28 608
184
70
21 608
26 613
182
70
26 608
30 613
183
70
9 608
11 629
180
69
11 609
15 614
179
69
15 609
18 639
178
68
18 613
30 620
176
68
0 615
5 624
177
68
11 614
15 638
174
67
5 615
8 634
175
67
18 620
27 625
173
67
18 625
30 632
171
66
18 632
29 636
172
66
0 634
7 649
168
65
18 636
26 648
167
65
7 638
14 645
169
65
26 636
31 644
170
65
14 639
17 662
166
64
26 644
31 651
165
64
7 645
13 658
163
63
17 648
19 669
164
63
19 651
27 666
159
62
0 649
7 656
160
62
27 651
29 673
162
62
0 656
7 661
161
62
29 651
31 678
158
61
7 658
11 667
157
61
19 666
27 670
155
61
0 661
5 666
156
61
11 658
14 689
152
60
5 661
7 680
154
60
14 662
17 674
153
60
17 670
25 674
151
60
0 666
4 690
150
59
14 674
20 680
149
59
7 667
10 695
147
58
20 674
27 682
146
58
27 678
30 693
148
58
14 682
25 686
143
57
14 686
20 692
144
57
30 678
32 683
145
57
20 686
24 710
140
56
4 680
7 703
141
56
25 682
27 712
142
56
10 689
14 701
138
55
0 690
3 695
139
55
14 692
20 705
137
54
0 703
11 710
135
53
30 683
32 714
136
53
11 705
18 710
132
52
27 693
30 702
133
52
27 702
30 707
134
52
0 710
6 723
131
51
6 710
18 716
130
51
18 714
31 721
126
50
6 716
17 721
127
50
6 721
15 728
128
50
15 721
21 728
129
50
21 721
28 734
124
49
0 728
11 735
123
49
11 728
17 736
125
49
17 734
24 743
122
48
28 721
31 746
121
47
0 735
7 743
120
47
7 736
13 749
116
46
0 743
6 748
118
46
13 743
19 748
117
46
24 734
28 765
114
45
13 748
23 756
112
45
28 746
32 761
115
45
0 748
5 759
113
45
5 748
7 765
119
46
7 756
16 763
110
44
16 756
23 761
111
44
7 763
17 771
108
43
17 761
24 765
109
43
17 765
29 772
104
42
0 759
5 773
106
42
29 761
32 781
107
42
5 771
11 778
105
42
11 771
14 791
103
41
14 772
20 777
98
38
20 772
24 800
102
40
24 772
28 795
101
39
0 778
7 789
100
39
14 777
16 792
99
38
0 789
8 797
94
37
16 777
18 808
97
37
8 792
16 799
95
37
24 795
30 799
96
37
0 797
3 828
90
36
3 797
6 821
91
36
6 799
9 819
92
36
18 777
20 801
93
36
30 781
32 803
89
35
9 799
15 805
88
35
20 800
27 807
85
34
27 799
29 815
87
34
29 803
32 807
86
34
9 805
16 809
84
33
9 809
21 814
80
32
21 807
24 827
82
32
24 807
26 825
83
32
9 814
14 819
81
32
29 807
32 833
78
31
14 814
18 828
77
31
18 814
20 839
79
31
6 819
11 828
76
31
26 815
29 843
75
30
0 828
13 834
74
30
0 834
14 839
72
29
20 827
26 837
73
29
14 828
17 856
66
26
0 839
10 846
68
28
17 839
26 845
69
28
17 845
24 850
70
28
29 833
31 849
71
28
0 846
9 852
67
27
17 850
26 855
63
26
9 846
14 853
60
25
26 849
31 854
65
26
0 852
4 868
61
25
4 853
13 859
59
25
26 854
30 864
62
25
17 855
20 879
58
24
4 859
11 867
57
24
20 855
25 868
64
26
4 867
12 876
53
23
30 854
32 879
55
23
13 856
16 872
54
23
25 864
27 868
56
23
27 864
30 892
51
22
0 868
3 888
52
22
3 876
16 882
50
21
20 868
24 892
48
20
24 868
27 898
49
20
16 879
19 908
46
19
3 882
9 892
45
19
30 879
32 908
47
19
0 892
14 896
44
19
19 892
23 914
43
18
0 896
6 904
40
17
6 896
10 903
41
17
10 896
14 912
38
16
14 882
16 912
39
16
0 904
8 910
36
16
27 892
30 915
42
17
0 910
5 916
37
16
23 898
27 912
32
15
8 903
10 930
35
15
16 908
19 914
34
15
5 910
8 916
33
15
10 912
16 922
30
14
30 908
32 923
31
14
23 912
26 935
29
13
0 916
8 926
23
9
16 914
21 923
28
12
10 923
19 930
26
11
26 915
30 922
27
11
21 914
23 928
25
10
26 922
30 948
17
6
0 926
6 934
24
9
19 928
23 946
21
8
6 930
9 940
22
8
9 930
14 935
20
8
0 934
6 940
19
7
0 940
14 945
15
6
14 930
18 943
18
6
0 945
7 952
16
6
7 945
14 960
11
5
23 935
26 965
13
5
14 943
17 973
12
5
17 946
20 975
14
5
20 946
23 977
4
2
26 948
29 967
10
4
0 960
8 966
8
4
8 960
13 967
9
4
0 966
5 973
7
3
5 967
11 974
6
3
23 967
29 976
3
2
0 974
13 978
2
2
30 923
32 929
5
2
29 948
32 974
1
1
13 973
17 980
0
1
