24
0 0
7 7
90
25
7 0
10 12
85
24
10 0
16 5
88
25
16 0
22 5
87
25
10 5
14 11
89
25
14 5
23 12
82
24
0 7
3 18
84
24
3 7
6 16
86
24
6 12
13 18
83
24
13 12
19 21
79
23
19 12
21 21
77
23
0 18
7 25
78
23
21 12
24 22
81
23
7 18
11 40
73
22
11 21
21 26
80
23
11 26
21 33
75
22
0 25
6 33
74
22
0 33
5 38
76
22
21 22
24 29
70
21
11 33
16 42
71
21
21 29
23 37
72
21
16 33
19 52
66
20
0 40
8 45
69
20
19 33
21 42
67
20
21 37
24 41
68
20
8 40
11 47
63
19
21 41
24 47
65
19
11 42
14 47
64
19
0 45
3 68
62
18
3 45
7 54
61
18
7 47
12 54
59
18
19 47
24 52
60
18
14 42
16 50
58
18
12 50
15 71
56
17
15 52
19 57
55
17
19 52
24 56
57
17
3 54
8 65
54
16
0 68
11 72
51
16
19 56
24 62
52
16
15 57
18 61
53
16
15 62
21 74
47
15
0 72
11 78
49
15
11 74
17 82
46
15
0 78
10 83
40
13
17 74
21 82
48
15
21 62
23 70
50
15
10 82
20 87
44
14
0 83
9 89
43
13
21 70
24 81
45
14
9 87
21 92
41
13
21 81
24 98
39
13
0 89
2 113
42
13
2 89
5 96
35
11
5 92
12 96
36
12
12 92
14 107
34
11
14 92
19 99
37
12
2 96
6 112
33
11
6 96
9 102
32
11
9 96
12 118
31
11
19 92
21 110
38
12
14 99
18 112
28
10
12 112
21 117
30
10
21 98
24 109
26
10
6 102
8 115
29
10
21 109
24 114
27
10
0 115
8 122
25
9
12 117
16 124
22
9
21 114
24 121
23
9
16 117
19 124
24
9
8 118
11 123
21
8
19 121
22 128
20
7
0 122
4 131
18
6
4 122
7 126
19
6
7 124
19 131
13
5
4 126
7 140
17
5
19 128
24 134
16
5
0 131
2 143
15
5
7 131
11 137
14
5
11 131
15 145
11
4
15 131
18 137
12
4
18 134
21 157
2
1
7 137
11 142
5
2
2 131
4 139
8
3
21 134
23 157
4
1
15 137
18 148
3
1
2 140
5 151
10
3
5 142
11 154
7
2
11 145
15 152
9
3
11 152
17 157
0
1
0 151
5 157
1
1
5 154
11 158
6
2
