34
0 0
5 17
80
50
5 0
8 27
81
50
8 0
18 5
78
49
18 0
29 5
77
48
8 5
16 10
79
49
16 5
28 11
74
46
29 0
34 12
76
47
8 10
12 23
75
46
12 11
20 17
73
45
20 12
31 17
71
44
12 17
18 29
70
43
18 17
32 22
68
42
18 22
31 27
67
41
0 27
7 41
72
44
32 12
34 35
65
40
8 23
11 44
69
42
18 27
22 53
64
40
0 44
15 51
66
41
22 27
29 41
62
39
29 35
34 50
63
39
15 29
18 54
61
38
22 50
34 55
60
38
0 51
2 84
58
37
2 51
4 82
59
37
4 51
14 68
57
36
14 55
31 62
55
35
14 62
29 67
56
35
14 67
30 74
53
34
4 68
11 79
54
34
11 74
28 80
52
33
31 55
34 89
51
32
28 74
30 91
50
31
4 80
16 87
47
30
16 80
19 111
46
29
19 80
22 112
49
31
0 87
7 96
48
30
22 91
32 96
45
29
7 87
16 94
43
28
7 94
13 104
44
28
0 104
14 109
42
27
0 109
14 115
40
26
22 96
30 102
41
26
22 102
30 113
36
24
30 96
33 119
38
25
14 94
16 117
39
25
16 113
23 133
34
22
23 113
27 123
37
24
0 115
12 119
35
23
0 119
9 137
33
21
27 113
30 145
31
20
12 117
15 133
32
20
30 119
34 152
28
18
9 119
12 148
30
19
12 133
17 146
29
19
17 133
25 145
27
18
12 146
30 150
26
17
0 137
9 153
25
16
9 150
19 159
24
15
19 150
28 165
22
14
28 150
30 180
21
13
0 159
17 166
20
12
30 152
34 181
19
11
0 166
16 171
18
11
17 165
21 190
23
14
21 165
25 195
15
9
0 171
9 176
16
10
0 176
12 182
14
9
25 165
28 191
13
8
0 182
17 186
12
8
28 181
34 195
17
10
0 186
9 201
10
7
9 186
12 220
11
7
12 190
21 206
9
6
21 195
32 202
8
6
0 201
5 216
1
1
21 202
26 219
3
3
32 195
34 219
7
5
26 202
32 221
5
4
5 201
9 211
4
3
12 206
18 226
6
5
18 221
34 228
2
2
0 216
9 227
0
1
