32
0 0
7 14
192
75
7 0
14 8
193
75
14 0
20 7
194
75
20 0
31 6
190
74
20 6
22 37
191
74
7 8
18 16
187
73
0 16
11 22
188
73
22 6
25 24
189
73
25 6
28 34
186
72
0 22
13 28
182
71
13 16
20 23
183
71
13 23
19 30
184
71
0 28
5 32
185
71
5 28
13 34
181
70
13 30
19 42
178
69
28 6
31 18
180
69
0 34
9 39
175
68
22 34
28 42
179
69
0 39
8 43
176
68
8 42
21 49
171
67
21 42
27 52
177
68
0 43
8 51
172
67
8 49
15 56
173
67
28 18
31 32
174
67
28 32
32 49
168
66
0 51
7 60
167
66
15 49
17 64
170
66
17 49
20 54
169
66
17 54
31 59
166
65
17 59
31 65
163
64
7 56
15 66
164
64
0 60
7 68
165
64
15 65
28 71
161
63
28 65
31 77
162
63
7 66
10 92
160
62
10 71
23 77
157
62
0 68
7 74
158
62
0 74
6 78
159
62
10 77
17 92
154
61
17 77
31 84
153
61
0 78
5 87
155
61
5 78
7 93
156
61
17 84
25 91
152
60
25 84
28 115
151
59
7 92
21 97
149
59
0 97
14 102
148
59
14 97
21 103
150
59
0 102
11 108
145
58
11 103
17 111
146
58
28 84
31 95
147
58
0 108
11 113
143
57
21 91
24 105
144
57
17 105
23 114
141
56
11 111
16 119
142
56
28 95
31 106
140
55
28 106
31 125
139
54
0 113
8 118
138
54
16 115
27 120
135
53
0 118
5 128
136
53
5 120
18 128
128
50
18 120
21 145
134
52
21 120
23 145
133
51
23 120
26 132
137
53
26 125
32 141
132
51
0 128
11 135
130
50
0 135
12 141
129
50
12 128
15 144
131
50
15 128
18 148
127
49
0 141
5 153
126
49
5 141
12 155
123
48
23 132
26 158
124
48
26 141
29 160
125
48
12 148
22 153
122
48
0 153
5 164
121
47
12 153
19 158
120
47
5 155
12 171
118
46
12 158
26 162
117
46
12 162
19 169
119
46
19 162
26 167
116
45
29 141
32 163
114
44
26 163
30 169
113
44
0 164
3 170
115
44
19 167
22 191
110
43
22 167
25 190
111
43
30 163
32 189
112
43
12 169
18 176
109
43
25 169
29 188
106
42
0 170
3 190
107
42
3 171
8 181
105
42
3 181
15 187
103
41
3 187
8 194
104
41
15 176
19 201
101
40
8 187
13 193
99
40
25 188
28 216
98
39
0 194
8 200
95
38
13 187
15 197
102
40
28 188
30 216
108
42
19 191
24 195
100
40
8 193
11 217
97
38
19 195
24 202
96
38
0 200
8 214
91
37
11 201
16 207
92
37
30 189
32 202
94
37
11 207
23 215
90
36
0 214
3 239
88
35
23 202
25 217
93
37
3 214
7 229
87
35
11 215
14 235
89
35
14 215
17 237
86
34
17 217
26 222
85
34
17 222
31 228
83
33
17 228
26 234
84
33
7 217
11 232
81
32
26 228
29 242
82
32
3 232
8 239
80
32
17 234
23 239
79
32
29 228
32 255
78
31
0 239
13 244
77
30
23 234
26 260
74
29
13 237
15 269
76
29
15 239
21 246
73
29
26 242
29 254
75
29
0 244
6 254
71
28
0 254
9 258
70
28
9 244
12 252
72
28
15 246
19 265
68
27
26 255
32 267
67
27
19 246
23 258
69
27
0 258
10 265
64
26
10 252
13 267
65
26
19 258
22 269
66
26
0 265
6 278
60
25
22 260
25 281
62
25
6 267
12 275
61
25
15 265
18 269
63
25
25 267
31 281
59
24
12 269
15 291
58
23
15 269
19 275
57
23
0 278
12 285
56
22
15 281
28 286
52
21
0 285
7 292
53
21
28 281
30 293
55
21
7 285
11 291
54
21
15 286
25 293
48
20
7 291
13 302
50
20
13 293
21 301
49
20
0 292
5 302
51
20
21 293
31 301
46
19
13 301
20 306
47
19
20 301
23 329
44
18
0 302
12 309
42
18
0 309
12 315
43
18
23 301
25 316
45
18
25 301
32 310
38
17
12 306
17 315
40
17
25 310
31 316
39
17
17 306
19 323
41
17
0 315
4 344
37
16
4 315
11 328
33
15
11 315
15 327
34
15
23 316
26 330
36
15
26 316
32 326
29
14
15 323
20 330
30
14
26 326
29 336
32
14
11 327
15 333
31
14
29 326
32 345
28
13
4 328
7 351
26
12
7 328
10 347
27
12
15 330
20 341
25
12
20 336
29 344
23
11
10 344
24 348
22
11
0 344
3 373
35
15
24 344
29 349
24
11
7 348
19 353
20
10
19 349
27 356
21
10
27 349
31 356
19
9
3 351
6 369
16
8
6 353
8 379
17
8
8 353
13 359
15
8
13 353
19 360
18
9
8 360
22 367
12
7
22 356
26 380
13
7
26 356
28 381
14
7
28 356
32 377
11
6
8 367
16 374
9
6
16 367
21 374
10
6
3 369
6 382
8
5
8 374
15 384
6
4
0 373
2 389
7
4
15 374
19 391
5
3
19 381
29 388
3
2
29 377
32 395
4
2
2 384
14 388
2
2
0 389
14 395
0
1
19 388
28 394
1
1
