31
0 0
6 8
91
35
6 0
9 13
92
35
9 0
20 6
88
33
20 0
25 13
90
34
25 0
31 7
89
34
9 6
16 17
85
32
16 6
19 27
87
32
25 7
31 11
86
32
0 8
2 24
84
31
19 13
28 19
81
31
2 8
5 22
83
31
28 11
31 31
82
31
5 17
15 24
78
30
0 24
14 29
77
30
19 19
26 27
79
30
14 27
20 42
75
29
20 27
26 41
80
30
0 29
8 36
73
29
8 29
12 41
76
29
0 36
8 43
74
29
26 31
30 49
72
28
8 42
15 51
71
27
15 42
26 48
69
27
0 43
4 65
64
25
15 49
27 54
68
27
4 51
13 58
70
27
13 54
25 60
62
25
27 49
31 55
65
26
25 55
29 60
66
26
4 60
15 68
63
25
15 60
27 67
61
25
27 60
30 75
67
26
0 68
14 75
58
24
15 67
22 77
59
24
22 67
24 96
60
24
0 75
14 81
55
23
24 75
30 88
56
23
0 81
11 89
52
22
14 77
18 108
57
23
18 77
21 98
54
22
24 88
28 98
53
22
0 89
9 96
51
21
0 96
11 103
47
20
11 81
14 102
50
20
28 88
31 115
45
19
18 98
25 106
48
20
25 98
28 108
41
18
11 102
14 127
46
19
0 103
6 109
49
20
14 108
24 114
43
19
6 103
11 108
44
19
6 108
9 116
42
18
14 114
22 124
38
16
22 115
30 124
40
17
9 108
11 128
39
16
0 109
4 127
36
15
14 124
25 129
35
15
4 116
8 127
37
15
0 128
11 133
34
14
25 124
30 128
33
13
25 128
31 143
30
12
11 127
13 152
32
12
13 129
17 135
31
12
0 133
10 138
27
11
17 129
23 137
28
11
13 135
17 152
23
9
17 137
20 165
26
10
20 137
25 142
25
10
0 138
3 165
24
9
3 138
8 149
29
11
3 152
17 156
22
8
20 143
27 159
20
7
27 143
31 154
21
7
3 156
17 163
17
6
20 159
31 165
19
6
3 163
5 191
16
5
5 165
18 170
18
6
18 165
22 173
15
5
5 170
15 176
13
5
22 165
28 176
14
5
5 176
15 184
9
4
15 173
19 187
3
2
0 165
3 177
8
3
28 165
31 182
12
4
19 176
24 183
6
3
24 176
27 196
7
3
5 184
13 191
11
4
0 177
3 199
0
1
13 187
21 201
2
2
27 182
31 191
4
2
3 191
12 196
10
4
3 196
13 202
5
3
21 196
30 202
1
2
