23
0 0
2 23
61
20
2 0
7 4
59
19
7 0
11 4
60
20
11 0
21 7
56
19
2 4
5 11
57
19
5 4
10 16
52
18
10 7
20 14
58
19
20 7
23 19
55
18
2 11
5 26
54
18
10 14
15 20
53
18
15 14
20 20
51
18
5 16
9 26
48
17
20 19
23 25
47
17
9 20
12 31
49
17
12 20
14 33
50
17
14 20
20 30
45
16
20 25
23 43
44
16
0 26
3 40
43
16
3 26
9 32
42
16
14 30
19 34
46
16
3 32
8 39
41
15
8 32
12 44
40
14
12 34
17 41
39
13
17 34
20 45
38
13
3 39
7 44
36
13
0 40
2 48
37
13
2 44
11 50
32
12
11 45
20 49
33
12
11 49
16 55
35
12
16 49
20 56
34
12
0 50
4 55
31
12
0 55
8 63
30
11
20 43
23 55
28
10
8 55
13 67
27
9
13 56
20 62
29
10
20 55
23 66
24
9
13 62
16 67
26
9
16 62
18 67
25
9
0 63
3 77
23
8
3 63
7 74
18
7
18 62
20 69
22
8
7 67
11 74
21
7
20 66
23 75
19
7
11 67
14 74
20
7
14 67
16 76
17
6
3 74
8 83
12
5
16 69
20 79
15
5
8 74
14 80
14
5
20 75
23 81
16
5
0 77
3 83
13
5
14 79
17 98
11
4
0 83
8 90
10
4
17 79
20 87
9
4
8 80
11 103
8
3
11 80
14 98
4
2
17 87
21 97
6
2
21 81
23 93
5
2
0 90
4 94
7
2
4 90
8 103
2
1
17 97
23 104
0
1
11 98
17 105
1
1
0 94
4 102
3
1
