24
0 0
9 5
760
252
9 0
13 11
758
251
13 0
16 8
761
252
16 0
20 8
759
251
0 5
5 10
757
251
13 8
18 13
756
251
20 0
22 19
753
250
5 5
9 12
752
250
22 0
24 11
754
250
18 8
20 16
755
250
0 10
3 28
747
249
9 11
12 28
748
249
3 12
6 23
749
249
6 12
9 21
750
249
22 11
24 18
751
249
12 13
18 24
743
248
12 24
20 30
742
248
22 18
24 41
745
248
3 23
7 30
744
248
20 19
22 30
746
248
0 28
3 49
739
247
3 30
11 37
738
247
11 30
20 35
737
247
20 30
22 52
741
247
11 35
14 41
740
247
3 41
13 48
734
246
14 35
17 56
735
246
17 35
20 45
736
246
17 45
20 58
732
245
22 41
24 51
733
245
3 48
5 65
729
244
5 48
9 55
727
244
9 48
11 55
730
244
11 48
14 58
728
244
0 49
2 54
731
244
5 55
10 65
725
243
10 58
17 65
724
243
0 65
11 69
723
243
20 52
24 59
726
243
17 59
21 80
721
242
11 65
17 75
720
242
21 59
23 69
722
242
0 69
3 75
719
241
3 69
8 78
716
240
8 69
11 76
718
240
21 69
24 76
717
240
11 75
16 81
713
239
0 75
3 80
714
239
8 76
11 80
715
239
3 78
7 87
711
238
21 76
23 82
712
238
7 81
15 88
706
237
15 81
21 90
707
237
0 87
4 98
709
237
4 88
9 94
708
237
21 82
24 91
710
237
9 90
17 94
701
236
17 90
21 98
703
236
4 94
10 98
702
236
10 94
14 98
704
236
21 91
23 96
705
236
0 98
4 109
698
235
4 98
11 104
696
235
11 98
18 103
697
235
21 96
24 106
699
235
18 98
20 110
700
235
4 104
16 109
692
234
0 109
6 118
693
234
6 109
12 113
694
234
20 106
24 117
695
234
6 113
16 119
687
233
16 103
18 125
690
233
18 110
20 131
691
233
20 117
24 123
688
233
0 118
3 126
689
233
3 118
6 141
686
232
6 119
11 131
685
232
6 131
16 137
684
231
16 131
23 138
681
230
0 126
3 133
682
230
0 133
3 137
683
230
6 137
16 144
677
229
0 137
3 153
679
229
3 144
12 149
678
229
16 138
18 144
680
229
18 138
24 145
675
228
12 145
20 150
674
228
3 150
13 154
673
228
20 145
23 158
676
228
13 150
16 173
669
227
16 150
19 171
670
227
0 153
3 159
671
227
3 154
5 162
672
227
5 154
11 165
667
226
19 158
23 163
668
226
0 159
3 181
666
225
19 163
23 170
665
225
3 173
15 177
663
224
16 171
23 175
664
224
15 175
19 195
661
223
19 175
22 199
662
223
3 177
9 185
658
222
22 175
24 189
660
222
9 177
12 186
659
222
0 185
6 197
653
221
12 177
15 196
656
221
6 186
10 193
655
221
6 193
12 197
654
221
15 195
18 203
648
219
12 196
15 200
657
221
0 197
4 211
652
220
22 189
24 209
650
219
4 197
7 210
647
219
7 197
10 204
649
219
10 197
12 206
651
219
18 199
21 211
646
218
7 206
15 211
643
217
0 211
5 218
644
217
15 203
18 208
645
217
5 211
15 218
640
216
15 211
21 216
641
216
21 209
23 213
642
216
15 216
19 231
638
215
19 216
23 223
639
215
0 218
5 222
637
215
5 218
14 225
635
214
0 222
2 230
636
214
2 222
5 228
634
213
19 223
24 234
631
212
5 225
9 235
632
212
9 231
19 235
630
212
2 228
5 232
633
212
0 232
4 245
629
211
4 235
15 242
625
210
4 242
14 249
626
210
15 235
21 244
628
210
14 244
21 251
627
210
0 249
6 255
623
209
6 249
10 261
622
208
10 251
22 256
624
210
0 255
5 264
621
208
10 256
18 263
619
207
18 256
21 261
620
207
18 261
24 273
615
206
5 261
9 269
616
206
9 263
12 270
617
206
12 263
14 273
618
206
14 263
16 277
613
205
16 263
18 272
614
205
0 270
11 275
609
204
16 273
20 285
611
204
0 275
8 281
610
204
11 273
13 287
612
204
20 273
23 294
604
202
8 275
11 286
605
202
13 277
16 284
606
202
0 281
2 286
607
202
2 281
6 295
608
203
6 287
15 294
599
201
6 294
12 302
600
201
15 285
20 293
601
201
15 293
19 301
602
201
0 286
2 300
603
201
12 301
19 307
596
200
19 294
23 300
597
200
2 295
6 300
598
200
0 300
3 319
595
199
19 300
24 309
591
198
3 300
5 321
594
198
5 302
9 307
592
198
9 302
12 306
593
198
5 307
9 316
587
197
9 306
12 317
589
197
12 307
16 315
588
197
16 309
23 313
586
197
16 313
19 320
590
197
5 317
16 325
584
196
19 313
21 321
585
196
0 321
4 344
579
195
21 313
24 330
580
195
16 320
18 332
581
195
18 321
20 329
582
195
4 325
6 330
583
195
4 330
16 338
577
194
18 330
23 337
578
194
16 337
21 346
575
193
21 337
24 345
576
193
4 338
8 346
570
191
8 338
10 356
574
192
10 338
13 361
571
191
13 338
16 355
572
191
0 344
2 350
567
190
2 346
7 355
569
191
21 345
23 359
573
191
16 346
18 351
568
190
18 346
20 363
565
189
0 355
3 362
563
189
3 355
7 360
562
189
13 355
16 361
564
189
16 351
18 360
566
189
20 359
24 381
558
188
7 356
10 370
559
188
3 360
5 371
561
188
10 361
13 366
560
188
13 361
17 371
555
187
0 362
3 371
556
187
5 360
7 371
557
187
0 371
7 379
552
186
7 370
11 380
553
186
17 363
20 368
554
186
11 371
15 391
548
185
15 371
19 379
549
185
0 379
5 384
547
185
5 379
7 390
551
185
15 379
18 386
550
185
0 390
11 395
542
184
18 381
23 390
543
184
15 386
18 393
545
184
18 390
22 395
544
184
22 390
24 398
546
184
11 391
14 414
541
183
0 395
9 402
539
183
14 395
19 404
540
183
19 398
23 417
538
182
0 402
10 409
534
181
0 409
6 418
536
181
14 404
19 412
537
181
6 414
13 418
535
181
14 412
17 426
532
180
17 417
23 423
529
180
0 418
6 423
530
180
6 418
10 424
531
180
10 418
13 423
533
180
0 423
4 432
527
179
10 423
13 427
528
179
17 423
21 441
523
178
4 427
13 432
526
179
13 426
17 438
524
178
21 423
24 432
525
178
0 432
5 437
521
178
5 432
10 436
522
178
5 436
9 443
518
177
10 432
12 439
519
177
21 432
23 438
520
177
0 437
4 461
516
176
12 438
15 446
517
176
15 441
20 446
514
175
21 438
24 445
515
175
9 439
12 443
513
174
4 443
7 462
512
173
7 446
17 451
511
173
7 451
19 458
507
172
20 445
23 464
509
172
7 458
15 465
508
172
15 458
17 473
510
172
17 458
20 466
506
171
0 461
3 478
505
170
3 465
11 471
504
170
20 464
24 485
501
169
3 471
12 478
500
169
0 478
11 483
499
169
12 473
16 479
502
169
16 473
20 477
503
169
16 477
20 484
496
168
11 479
14 487
497
168
14 479
16 485
498
168
0 483
2 500
495
167
2 483
6 488
494
167
6 483
10 498
490
166
16 484
18 503
492
166
18 485
21 495
491
166
2 498
9 502
489
166
14 485
16 496
493
166
21 485
24 503
488
165
10 487
14 492
487
165
10 492
14 516
483
164
0 502
4 523
484
164
14 503
22 511
482
164
4 502
6 519
486
164
6 502
10 507
485
164
6 507
9 529
480
163
14 511
17 519
481
163
17 511
21 516
479
163
9 519
17 525
475
162
17 516
23 523
476
162
0 523
3 528
477
162
3 523
6 528
478
162
17 523
23 535
471
161
9 525
15 535
472
161
0 528
3 535
473
161
3 528
6 533
474
161
6 529
9 552
468
160
3 533
6 545
469
160
15 525
17 535
470
160
0 535
3 555
466
159
9 535
19 540
465
159
19 535
22 544
467
159
9 540
13 549
464
158
13 544
20 550
461
157
20 544
23 555
462
157
3 545
5 550
463
157
9 550
17 557
457
156
3 552
7 564
459
156
7 557
15 562
458
156
17 550
20 559
460
156
0 555
2 569
456
155
20 555
23 564
455
155
15 559
19 565
454
155
7 562
11 573
453
154
11 562
14 573
452
153
14 565
23 572
447
152
2 564
5 584
448
152
14 572
17 590
449
152
17 572
20 581
450
152
20 572
23 577
451
152
5 573
11 583
443
151
17 581
24 586
442
151
5 583
9 590
444
151
11 573
14 582
445
151
0 569
2 579
446
151
9 583
14 591
437
150
0 584
5 591
438
150
17 586
21 594
439
150
21 586
24 596
441
150
5 590
9 595
440
150
9 594
20 601
433
149
0 601
11 606
434
149
20 596
23 610
436
149
11 601
16 606
435
149
0 606
11 613
429
148
16 601
20 614
430
148
11 606
14 614
432
148
20 610
24 615
431
148
0 613
3 637
425
147
3 613
6 632
426
147
6 613
9 630
427
147
14 606
16 614
428
147
9 614
13 631
423
146
13 614
18 625
422
146
18 615
22 622
424
146
18 622
24 630
417
145
13 625
17 636
418
145
6 630
9 640
419
145
17 630
20 638
420
145
20 630
23 634
421
145
9 636
14 645
415
144
0 637
5 645
416
144
14 638
20 644
414
144
20 634
23 654
412
143
0 645
11 650
409
143
11 645
20 651
410
143
0 650
4 658
411
143
4 650
6 657
413
143
6 651
12 656
407
142
12 651
14 664
408
142
14 651
16 664
406
141
16 651
20 657
405
140
20 654
23 676
403
139
4 657
12 662
402
139
16 657
18 663
404
139
0 658
4 664
400
138
4 662
8 666
401
138
8 662
11 680
398
137
11 664
19 670
397
137
0 664
3 670
399
137
3 666
8 678
395
136
11 670
15 681
396
136
15 670
19 678
394
135
0 670
3 693
393
134
15 678
22 683
392
134
22 676
24 698
389
133
3 678
5 688
390
133
5 678
8 683
388
133
8 680
10 686
391
133
10 683
22 687
387
132
5 687
17 694
385
131
17 687
21 697
386
131
0 694
10 699
382
130
10 694
15 704
383
130
15 697
18 702
384
130
18 697
21 718
381
129
0 699
6 706
380
129
21 698
24 715
379
128
6 704
12 710
377
127
12 704
16 711
378
127
0 706
6 715
376
126
6 710
9 722
374
125
9 711
13 717
373
125
13 711
16 715
375
125
9 718
21 725
368
124
0 715
4 727
370
124
4 722
9 729
369
124
21 715
24 722
371
124
21 722
24 729
372
124
9 725
12 740
367
123
12 725
18 731
363
122
18 725
21 732
365
122
0 727
4 731
364
122
4 729
6 736
366
122
12 731
18 743
361
121
0 731
4 742
362
121
6 729
9 734
360
120
0 742
9 747
355
119
21 729
24 744
356
119
18 732
21 741
357
119
9 740
12 746
358
119
18 741
21 747
359
119
0 747
11 754
351
118
11 747
23 753
350
118
11 753
15 764
352
118
15 753
17 772
354
118
17 753
20 761
353
118
0 754
9 761
348
117
0 761
9 768
347
117
20 753
24 760
349
117
0 768
9 776
343
116
17 761
23 768
344
116
9 772
19 776
342
116
0 776
6 781
345
116
19 768
21 782
346
116
21 768
24 789
339
115
6 776
11 787
337
115
11 776
13 793
340
115
13 776
16 788
334
114
0 781
5 787
338
115
16 776
18 786
341
115
18 782
21 805
333
114
0 787
9 792
332
114
16 786
18 793
335
114
9 787
11 792
336
114
0 792
4 811
328
113
4 793
14 800
327
113
21 789
24 801
329
113
14 793
17 798
331
113
14 798
17 803
330
113
4 800
13 807
326
112
21 801
24 812
325
111
13 803
16 812
323
110
16 803
18 808
324
110
4 807
8 820
322
109
8 807
13 815
318
108
18 805
21 825
319
108
13 812
18 821
317
108
0 811
2 822
320
108
2 811
4 817
321
108
2 820
8 832
312
107
21 812
24 835
315
107
8 815
11 836
316
107
11 821
16 828
313
107
16 825
20 833
314
107
11 828
14 834
310
106
0 822
2 830
311
106
0 832
7 837
306
105
14 833
17 844
308
105
17 833
21 839
307
105
11 834
14 838
309
105
0 837
9 844
302
104
9 838
13 852
304
104
0 844
8 849
303
104
21 835
24 840
305
104
17 840
22 851
299
103
22 840
24 852
300
103
13 844
15 850
301
103
0 849
6 853
298
102
6 852
17 856
294
101
17 852
23 859
295
101
0 853
2 858
297
101
2 856
7 863
291
100
7 856
10 864
292
100
10 856
12 867
293
100
12 856
14 875
288
99
14 856
17 867
286
99
0 858
2 864
296
101
17 859
22 867
290
100
2 863
5 870
287
99
22 859
24 866
289
99
5 864
9 886
284
98
14 867
21 873
283
98
9 867
12 874
285
98
0 870
4 889
280
97
14 873
19 885
278
97
21 867
24 883
281
97
9 875
14 882
279
97
9 882
12 893
282
97
12 885
20 890
277
96
20 883
24 891
276
95
0 889
9 897
275
94
12 890
17 901
272
93
0 897
11 902
271
93
17 891
22 901
273
93
22 891
24 902
274
93
11 901
13 921
270
92
13 901
16 911
267
92
16 901
19 909
268
92
19 901
22 908
269
92
0 902
4 906
266
92
4 902
8 907
264
91
8 902
10 909
265
91
0 907
7 912
263
90
13 911
23 918
261
89
0 912
10 919
260
89
13 918
16 927
262
89
16 918
20 939
256
88
0 919
11 924
255
88
20 918
23 926
258
88
11 921
13 931
259
88
0 924
4 928
257
88
4 924
9 931
253
87
9 924
11 929
254
87
20 926
24 950
251
86
0 931
10 938
250
86
13 927
16 947
252
86
0 938
4 944
249
85
4 938
11 946
247
84
11 931
13 948
248
84
16 939
18 951
246
83
18 939
20 957
244
82
0 944
4 953
243
82
4 946
6 960
245
82
6 946
9 968
242
81
9 948
16 955
241
81
9 955
15 961
240
80
15 957
21 968
239
80
0 960
6 967
238
79
9 961
15 968
237
79
0 968
8 973
235
79
8 968
16 972
236
79
16 968
21 979
231
78
21 950
24 965
233
78
21 965
24 974
234
78
8 972
12 983
232
78
12 972
15 996
228
77
0 973
4 989
227
77
4 973
7 985
225
76
21 974
24 988
229
77
15 979
21 986
226
77
7 983
10 992
230
77
15 986
19 1004
224
76
0 989
6 996
219
75
6 992
12 997
220
75
19 988
23 995
222
75
19 995
23 1002
221
75
0 996
2 1005
223
75
2 996
6 1004
213
72
12 996
14 1005
218
74
6 997
11 1006
214
73
19 1002
21 1022
216
73
21 1002
23 1020
217
73
0 1005
6 1016
211
72
6 1006
15 1013
210
72
6 1013
12 1017
212
72
0 1017
11 1024
208
71
15 1004
18 1024
215
73
11 1017
15 1025
209
71
18 1022
22 1030
206
70
0 1024
4 1030
207
70
4 1025
14 1031
202
69
14 1030
21 1035
203
69
0 1030
3 1041
204
69
21 1030
24 1038
205
69
3 1031
9 1040
198
68
9 1031
13 1040
200
68
13 1035
19 1040
199
68
19 1038
22 1045
201
68
3 1040
12 1044
196
67
12 1040
15 1044
197
67
22 1038
24 1058
195
66
15 1040
17 1052
194
65
0 1041
3 1047
193
65
17 1040
19 1050
192
64
3 1044
8 1051
191
63
8 1044
14 1051
190
62
17 1050
22 1059
186
61
0 1047
2 1063
188
61
2 1051
5 1060
187
61
5 1051
7 1060
189
61
7 1051
9 1063
185
60
9 1051
12 1064
184
59
12 1052
16 1075
182
58
16 1059
22 1067
181
58
2 1060
6 1069
183
58
6 1064
12 1075
176
57
16 1067
20 1074
177
57
20 1067
24 1072
178
57
0 1069
3 1075
179
57
3 1069
6 1073
180
57
20 1072
24 1089
174
56
3 1073
6 1082
175
56
6 1075
12 1083
169
55
16 1074
20 1082
170
55
0 1075
3 1085
172
55
12 1075
15 1083
173
55
15 1082
19 1087
171
55
3 1083
14 1087
168
54
0 1087
4 1103
166
53
4 1087
6 1099
167
53
6 1087
11 1097
165
52
11 1087
19 1092
161
51
19 1089
23 1098
162
51
11 1092
14 1101
163
51
14 1092
17 1098
164
51
6 1097
10 1103
160
50
14 1098
20 1109
156
49
0 1103
8 1109
155
49
8 1103
13 1111
157
49
20 1098
24 1106
159
49
0 1109
5 1115
158
49
13 1109
19 1121
154
48
5 1111
13 1119
153
48
0 1119
9 1126
148
47
19 1109
24 1119
149
47
9 1119
13 1125
151
47
19 1119
23 1125
150
47
13 1121
16 1128
152
47
9 1125
13 1148
145
46
13 1128
24 1133
144
46
0 1126
3 1142
147
46
3 1126
6 1142
146
46
6 1126
9 1147
140
45
13 1133
16 1150
141
45
16 1133
20 1142
139
45
20 1133
23 1137
142
45
20 1137
22 1141
143
45
20 1141
23 1162
137
44
0 1142
5 1153
136
44
16 1142
18 1156
138
44
5 1150
15 1155
133
43
0 1153
3 1164
134
43
3 1155
6 1161
135
43
6 1156
17 1163
129
42
17 1162
21 1172
131
42
3 1163
10 1168
130
42
21 1162
23 1172
132
42
0 1168
12 1174
124
41
12 1163
17 1173
125
41
17 1172
22 1180
126
41
12 1173
15 1179
127
41
22 1172
24 1177
128
41
0 1174
4 1191
122
40
15 1173
17 1183
123
40
4 1174
8 1186
119
39
8 1174
11 1183
121
39
11 1179
15 1184
120
39
17 1180
21 1190
117
38
21 1180
24 1184
118
38
8 1183
11 1203
116
37
11 1190
22 1195
114
37
0 1191
5 1195
115
37
0 1195
4 1218
112
36
22 1184
24 1207
113
36
11 1195
16 1202
111
36
5 1186
8 1203
110
35
16 1195
22 1201
109
35
11 1202
19 1209
104
34
4 1203
10 1212
105
34
19 1207
24 1214
106
34
10 1209
12 1224
108
34
12 1209
15 1215
107
34
15 1209
18 1233
102
33
4 1212
8 1224
100
33
18 1214
24 1221
99
33
0 1218
4 1225
101
33
12 1215
15 1222
103
33
18 1221
21 1245
97
32
8 1212
10 1225
98
32
21 1221
24 1236
94
31
12 1222
15 1235
95
31
4 1224
8 1230
93
31
0 1225
3 1230
96
31
8 1225
11 1240
91
30
0 1230
4 1240
90
30
4 1230
7 1243
92
30
11 1235
17 1240
89
30
7 1240
12 1246
86
29
21 1236
24 1241
87
29
0 1240
2 1247
88
29
12 1240
15 1261
85
28
2 1243
6 1254
81
27
15 1245
21 1250
80
27
21 1241
24 1249
83
27
6 1246
9 1254
82
27
9 1246
12 1252
84
27
0 1254
12 1261
78
26
0 1261
12 1266
79
26
15 1250
22 1256
75
25
15 1256
22 1261
76
25
12 1261
18 1268
71
24
18 1261
21 1268
72
24
21 1261
24 1268
77
25
0 1266
3 1272
73
24
3 1266
5 1272
74
24
5 1266
9 1290
67
23
9 1266
11 1287
70
23
11 1268
14 1281
69
23
14 1268
22 1272
66
23
0 1272
5 1282
65
22
14 1272
18 1278
68
23
18 1272
24 1277
64
22
14 1278
22 1285
62
21
0 1282
5 1290
63
21
22 1277
24 1296
60
20
11 1285
17 1291
59
20
17 1285
19 1290
61
20
0 1290
5 1297
58
19
5 1291
12 1298
54
18
17 1290
21 1297
56
18
12 1291
17 1296
55
18
12 1296
16 1301
57
18
0 1298
10 1304
49
17
10 1301
20 1305
50
17
0 1304
6 1309
51
17
20 1297
24 1304
52
17
6 1304
9 1308
53
17
9 1305
21 1313
48
16
0 1309
4 1333
43
15
21 1304
24 1321
47
15
4 1309
8 1321
44
15
8 1313
12 1323
45
15
12 1313
16 1318
46
15
16 1313
20 1336
39
14
12 1318
16 1327
40
14
4 1321
6 1335
42
14
20 1321
23 1330
41
14
6 1323
10 1329
38
13
6 1329
16 1336
33
12
20 1330
24 1339
34
12
0 1333
4 1341
35
12
4 1336
8 1341
36
12
8 1336
20 1341
28
11
20 1339
22 1348
37
12
0 1341
5 1345
31
11
5 1341
14 1346
29
11
14 1341
19 1347
30
11
0 1345
4 1350
32
11
4 1346
14 1352
27
10
22 1339
24 1350
25
9
14 1347
16 1352
26
9
0 1352
9 1358
22
8
16 1348
22 1355
23
8
9 1352
14 1356
24
8
14 1355
19 1363
19
7
19 1355
23 1362
21
7
9 1356
14 1361
20
7
0 1358
3 1375
18
6
3 1358
7 1363
17
6
7 1361
10 1375
16
5
10 1363
18 1368
13
5
18 1363
24 1368
14
5
3 1363
7 1370
15
5
10 1368
15 1374
11
4
15 1368
18 1376
12
4
0 1375
11 1380
9
3
18 1368
23 1374
10
3
11 1374
15 1393
5
2
18 1374
21 1386
6
2
21 1374
23 1389
8
2
0 1380
6 1384
4
2
15 1376
18 1398
3
1
0 1384
8 1391
1
1
0 1391
9 1397
0
1
9 1380
11 1396
7
2
18 1389
22 1397
2
1
