32
0 0
12 6
605
255
12 0
16 16
603
254
16 0
19 15
604
254
19 0
26 7
600
253
26 0
31 6
602
253
0 6
6 11
601
253
6 6
9 23
591
249
19 7
26 16
598
252
9 16
20 20
597
252
26 6
28 26
599
252
0 11
6 16
595
251
28 6
30 13
596
251
0 16
6 28
592
250
30 6
32 34
594
250
20 16
25 22
593
250
9 20
13 36
590
249
13 22
25 27
589
249
25 26
29 33
588
248
13 27
17 49
587
247
17 27
24 36
586
247
0 28
5 39
584
246
24 34
32 40
583
246
0 39
13 44
582
246
17 36
20 48
585
246
20 40
29 48
580
245
0 44
7 49
581
245
29 40
32 56
575
243
7 44
10 66
578
244
17 48
23 58
576
244
23 48
28 57
577
244
10 44
13 57
579
244
23 57
31 67
574
243
10 58
20 63
573
243
0 49
4 66
572
242
10 63
14 71
571
241
4 49
7 76
570
240
14 67
27 73
569
239
7 73
21 81
566
238
21 73
32 79
568
238
0 81
12 86
567
238
21 79
30 86
562
237
12 81
15 95
565
237
0 86
7 92
563
237
15 81
19 85
564
237
15 85
19 101
560
236
7 86
11 101
561
236
19 86
29 91
558
236
19 91
25 99
559
236
25 91
29 116
555
235
30 79
32 109
556
235
0 92
6 99
554
235
11 95
13 110
557
235
0 99
3 115
553
234
3 101
11 108
552
233
19 99
23 113
551
232
13 101
19 107
550
232
13 107
18 113
549
231
3 108
11 114
546
230
11 113
15 124
548
230
15 113
21 118
547
230
3 114
10 121
545
229
21 116
26 127
543
228
29 109
32 125
544
228
15 118
21 125
542
228
0 115
2 128
541
227
2 124
12 130
537
226
26 116
29 135
539
226
12 124
14 143
540
226
14 125
18 130
538
226
0 130
9 134
536
225
18 127
25 138
533
224
29 125
31 145
535
224
14 130
18 134
534
224
0 134
12 142
532
223
14 138
19 150
529
222
25 135
27 151
531
222
19 138
23 144
530
222
0 143
13 150
528
221
19 144
22 173
527
220
27 145
32 151
526
220
22 144
25 152
525
219
0 150
7 156
524
218
7 150
15 165
520
217
25 151
32 158
521
217
0 156
5 161
522
217
15 150
19 155
523
217
0 165
13 171
517
216
22 152
25 165
519
216
25 158
30 163
518
216
25 163
30 177
516
215
15 155
19 184
514
214
0 171
4 183
515
214
4 171
11 177
513
214
19 173
24 189
511
213
4 177
10 184
510
213
10 177
15 181
512
213
0 184
11 191
509
212
24 177
27 199
508
211
30 158
32 188
507
210
27 177
30 205
506
209
11 189
24 196
504
208
0 191
4 205
505
208
4 191
8 211
502
207
8 196
15 207
501
207
15 199
26 203
500
207
15 203
19 209
503
207
19 205
32 211
499
206
8 207
14 215
497
205
0 205
4 212
498
205
14 211
20 217
496
204
20 211
32 218
495
203
0 212
5 218
494
202
5 215
9 228
492
201
9 215
12 232
493
201
12 217
18 224
491
201
18 218
31 225
490
200
0 218
2 248
489
199
2 218
5 243
487
198
12 225
23 231
485
198
23 225
31 230
486
198
5 228
8 232
488
198
23 230
30 244
484
197
5 232
18 239
482
196
30 230
32 247
483
196
5 239
19 244
479
195
19 231
22 245
480
195
2 243
5 250
481
195
5 244
9 265
476
194
9 244
12 262
477
194
12 244
15 257
478
194
22 244
29 254
474
193
15 254
26 260
473
193
29 247
32 262
475
193
0 250
3 277
472
192
12 260
17 266
471
192
17 260
22 266
470
192
22 260
26 290
468
191
26 254
29 278
469
191
3 266
15 272
466
190
15 266
21 271
467
190
15 271
21 283
464
189
3 272
9 278
465
189
0 278
12 285
461
188
26 278
30 292
463
188
12 283
17 290
462
188
0 285
6 299
459
187
17 283
20 299
460
187
6 285
10 315
457
186
10 299
24 304
455
186
24 292
28 306
458
186
0 299
6 307
456
186
10 304
24 311
451
185
30 262
32 283
454
185
24 306
29 314
453
185
0 307
6 312
452
185
10 311
17 321
450
184
17 314
26 319
449
184
30 283
32 295
448
183
29 295
32 326
447
182
0 312
5 323
446
182
17 319
25 332
445
181
5 315
10 322
444
180
25 319
29 333
443
179
10 321
15 327
442
178
5 322
8 351
440
177
0 323
4 338
439
177
15 321
17 329
441
177
8 332
19 337
438
176
19 332
23 356
436
175
23 333
29 339
434
175
8 337
14 343
435
175
29 326
31 336
437
175
14 337
18 360
432
174
23 339
31 350
431
174
0 338
3 354
433
174
8 343
11 372
429
173
11 343
14 359
430
173
23 350
28 356
428
173
3 351
8 358
427
172
18 356
23 361
426
171
28 350
32 368
425
170
23 356
28 365
424
170
0 358
7 363
423
170
11 360
15 374
422
169
15 361
21 368
421
169
0 363
7 367
420
169
21 365
25 380
419
168
0 372
11 378
417
167
11 374
19 379
418
167
25 365
28 385
416
166
0 378
6 388
415
166
6 379
14 390
411
165
28 368
31 388
414
165
14 380
22 385
412
165
14 385
20 391
413
165
20 385
27 398
408
164
0 388
3 410
410
164
27 388
32 397
409
164
3 390
12 396
405
163
3 396
13 401
404
163
13 391
15 415
407
163
15 398
23 404
406
163
23 398
32 405
401
162
3 401
9 411
402
162
9 401
12 414
403
162
15 404
17 432
400
161
17 405
29 413
397
160
0 411
5 416
398
160
29 405
31 415
399
160
17 415
30 421
393
159
5 415
14 422
394
159
30 415
32 446
396
159
0 416
4 426
395
159
17 421
23 428
390
158
4 422
12 432
389
158
23 421
27 436
391
158
0 426
4 439
392
158
4 432
14 438
386
157
27 421
29 450
388
157
14 436
25 441
385
157
4 438
9 448
387
157
9 438
13 462
383
156
0 439
3 467
384
156
13 441
24 447
382
155
13 447
26 451
378
154
29 446
32 462
380
154
3 448
8 453
379
154
26 450
29 457
381
154
13 451
25 458
375
153
3 453
7 466
376
153
25 457
28 462
377
153
13 458
19 464
374
152
19 458
25 472
372
151
25 462
32 468
371
151
7 462
11 466
373
151
11 464
17 477
369
150
3 466
9 473
370
150
25 468
29 500
368
149
17 472
21 487
366
148
21 472
25 486
367
148
0 467
3 482
365
147
3 473
9 489
364
146
9 477
17 483
363
146
9 483
13 500
361
145
29 468
31 487
362
145
13 487
23 494
358
144
13 494
24 499
357
144
0 489
8 495
359
144
0 495
4 502
360
144
4 495
8 510
356
143
13 499
22 504
355
143
22 500
28 514
351
142
29 487
32 509
354
142
8 500
13 509
352
142
0 502
4 507
353
142
13 504
16 530
349
141
16 504
19 515
350
141
0 507
4 534
346
140
4 510
13 518
345
140
19 514
24 518
348
141
28 509
30 514
347
140
16 518
30 524
343
139
4 518
13 523
344
139
4 523
8 551
342
138
16 524
29 529
341
138
16 529
24 536
337
137
8 523
12 536
339
137
24 529
31 535
338
137
12 530
14 541
340
137
0 534
4 564
334
136
24 535
28 557
335
136
14 536
22 547
333
136
28 535
32 542
336
136
8 547
20 555
330
135
22 536
24 557
332
135
4 555
11 559
331
135
11 557
25 563
329
134
25 557
30 561
328
133
4 559
7 576
327
132
30 542
32 571
326
131
7 559
10 573
325
131
10 563
24 570
321
130
10 570
17 582
322
130
17 570
24 577
323
130
25 561
27 573
324
130
0 564
4 593
317
129
27 561
30 593
319
129
30 571
32 600
320
129
4 576
8 585
318
129
17 577
21 592
316
128
4 585
17 592
314
127
4 592
11 596
315
127
11 592
18 600
311
126
21 577
27 584
312
126
18 592
26 596
310
126
18 596
30 604
308
125
0 596
7 603
309
125
7 600
17 606
306
124
30 600
32 615
313
126
0 603
4 610
307
124
4 603
7 631
305
123
17 604
21 618
303
123
21 604
25 617
304
123
7 606
14 612
302
123
25 604
28 628
301
122
7 612
17 617
300
121
7 617
16 623
298
120
0 610
3 621
299
120
28 604
30 634
297
119
21 617
24 648
294
118
7 623
18 628
293
118
30 615
32 639
296
118
18 618
21 641
292
117
7 628
14 635
291
117
0 621
3 627
295
118
0 627
3 636
290
116
3 635
15 639
289
115
15 628
18 644
288
114
24 628
28 650
285
113
0 639
8 646
284
113
8 639
11 652
286
113
11 639
14 650
287
113
28 639
32 659
281
112
18 641
20 656
283
112
0 652
14 658
280
112
14 644
17 653
282
112
20 650
25 658
279
111
14 653
18 668
277
110
0 658
4 665
278
110
25 650
28 676
276
109
4 658
10 663
275
108
18 658
23 672
273
107
4 663
10 672
271
107
10 668
15 673
274
107
0 672
6 676
272
107
28 659
32 684
269
106
15 672
24 679
267
106
6 672
9 687
270
106
9 679
17 684
268
106
9 684
23 691
265
105
0 676
4 681
266
105
24 676
27 702
262
104
0 681
3 700
263
104
4 676
6 697
264
104
6 691
18 697
261
103
3 697
15 703
257
102
27 684
29 714
258
102
29 684
31 702
259
102
18 691
20 707
260
102
20 691
24 717
254
101
15 697
17 722
256
101
0 703
4 709
255
101
4 703
8 718
251
100
24 702
27 715
253
100
8 703
12 708
252
100
29 702
32 729
249
99
8 708
12 718
248
99
12 703
14 718
250
99
17 707
20 722
247
98
20 717
26 723
246
98
0 709
3 734
245
97
3 718
14 725
241
96
14 722
18 737
242
96
18 723
22 732
243
96
27 714
29 728
244
96
3 725
14 731
239
95
22 723
25 743
240
95
0 734
14 739
236
94
14 737
22 742
237
94
25 723
27 738
238
94
27 729
30 757
235
93
0 739
13 745
233
93
13 742
19 748
234
93
19 743
27 749
232
92
0 745
3 776
230
91
3 745
6 771
231
91
30 729
32 760
229
90
6 745
9 760
228
90
9 748
18 755
227
89
18 749
26 753
225
88
18 753
24 757
226
88
9 755
13 767
224
87
13 757
19 765
223
87
19 757
27 762
222
87
27 757
30 788
221
86
19 762
27 767
218
86
13 765
17 775
219
86
6 767
10 776
220
86
17 767
24 780
215
85
0 776
9 783
214
85
10 775
16 782
216
85
24 767
27 780
217
85
16 780
27 785
212
84
30 760
32 781
213
84
9 782
13 809
211
83
0 783
9 789
210
83
13 785
21 801
207
82
21 785
26 799
208
82
13 801
26 806
206
82
30 781
32 804
209
82
0 789
7 795
204
81
0 795
8 800
203
81
0 800
6 804
205
81
0 804
9 811
200
80
13 806
20 812
201
80
26 788
29 795
202
80
0 812
14 818
197
79
26 795
29 821
198
79
29 804
32 821
199
79
0 818
13 822
195
78
14 812
24 817
196
78
14 817
25 823
193
77
25 821
28 838
194
77
28 821
30 852
192
76
0 822
3 828
191
76
3 823
17 828
187
75
0 828
12 833
188
75
17 823
20 841
190
75
0 833
7 838
189
75
20 823
23 854
186
74
12 828
17 839
185
74
7 833
12 847
183
73
0 838
3 854
184
73
12 841
19 845
182
73
23 838
28 848
181
72
12 845
20 851
179
72
3 847
9 852
180
72
9 847
12 877
176
71
23 848
26 874
177
71
12 851
15 871
178
71
3 852
9 859
175
71
15 851
20 867
174
70
26 852
29 874
172
69
29 852
32 869
173
69
0 859
8 865
170
69
0 865
7 869
171
69
15 867
22 881
169
68
22 874
32 879
167
68
0 869
9 873
168
68
0 873
7 886
164
67
12 871
15 897
165
67
7 877
10 897
166
67
22 879
28 894
163
66
28 879
32 907
162
65
15 881
22 888
160
64
0 886
3 900
161
64
3 886
6 899
159
63
15 888
20 892
158
63
15 892
18 906
157
62
10 877
12 907
156
61
18 894
24 898
155
61
18 898
26 909
153
60
0 900
10 908
152
60
10 907
18 913
154
60
26 907
32 915
150
59
0 908
6 913
151
59
18 909
25 917
149
58
0 913
13 921
147
57
13 913
15 939
148
57
15 913
18 943
146
56
18 917
28 922
143
56
0 921
6 929
144
56
28 915
32 923
145
56
18 923
29 929
141
55
0 929
11 934
142
55
18 929
24 943
138
54
0 934
12 940
137
54
24 929
30 941
139
54
12 939
15 955
140
54
15 943
28 948
134
53
30 923
32 947
136
53
0 940
6 946
135
53
0 946
9 953
133
52
28 947
32 976
131
51
15 948
22 963
130
51
9 940
12 958
132
51
22 948
25 971
129
50
0 953
7 966
127
49
7 958
14 964
128
49
7 964
19 970
124
48
0 970
13 975
123
48
13 971
23 976
125
48
0 975
6 981
126
48
25 948
28 970
122
47
6 975
13 981
121
47
25 970
28 1001
119
46
13 976
19 990
117
46
19 976
23 984
118
46
28 976
31 984
120
46
0 981
13 986
113
45
0 986
12 991
114
45
23 971
25 1000
116
45
19 984
23 994
115
45
28 984
31 990
112
44
12 990
15 1002
111
44
0 991
6 998
110
44
15 994
23 1004
107
43
6 991
12 997
108
43
28 990
32 1015
104
42
6 997
9 1027
106
42
0 998
5 1006
103
42
23 1001
27 1010
105
42
9 997
12 1002
109
43
9 1004
20 1010
100
41
20 1004
22 1034
102
41
0 1006
3 1019
101
41
3 1006
6 1031
98
40
9 1010
12 1022
99
40
12 1010
20 1016
95
39
22 1010
28 1014
96
39
22 1014
27 1028
93
38
27 1015
32 1021
94
38
12 1016
18 1022
89
37
27 1021
32 1028
90
37
18 1016
20 1033
92
37
9 1022
13 1028
91
37
13 1022
17 1053
86
35
0 1019
3 1041
87
35
6 1027
9 1036
97
39
22 1028
32 1035
88
36
17 1034
22 1038
85
35
17 1038
30 1042
83
34
3 1036
10 1043
84
34
10 1028
13 1059
82
33
17 1042
24 1054
80
33
13 1054
25 1060
79
33
25 1042
29 1059
81
33
0 1043
8 1055
78
32
0 1059
12 1067
74
31
25 1059
29 1075
76
31
12 1060
17 1067
75
31
30 1035
32 1052
77
31
17 1060
25 1065
73
30
29 1052
32 1072
71
29
0 1067
13 1071
69
29
17 1065
19 1081
72
29
19 1065
24 1071
70
29
0 1071
14 1077
66
28
19 1075
27 1082
67
28
14 1067
16 1074
68
28
0 1077
12 1085
63
27
12 1082
25 1089
62
27
0 1085
9 1090
64
27
29 1072
31 1083
65
27
9 1089
21 1094
58
26
25 1082
28 1101
61
26
0 1090
5 1101
60
26
5 1094
14 1100
59
26
14 1094
21 1108
55
25
28 1083
30 1097
56
25
30 1083
32 1091
57
25
0 1101
12 1105
54
24
21 1101
27 1110
53
23
0 1105
7 1115
49
22
7 1105
13 1114
51
22
13 1108
20 1115
50
22
28 1097
32 1108
52
22
27 1108
30 1135
46
21
20 1110
23 1132
47
21
30 1108
32 1121
48
21
0 1115
7 1127
44
20
23 1110
26 1133
45
20
7 1115
18 1119
43
20
7 1119
15 1124
41
19
15 1119
18 1126
42
19
7 1124
14 1136
38
18
14 1126
20 1138
39
18
0 1136
13 1141
37
18
20 1132
23 1143
40
18
23 1135
29 1149
35
17
13 1138
20 1148
34
16
0 1141
6 1145
36
17
6 1141
13 1145
33
15
0 1145
12 1151
31
14
12 1149
26 1154
30
14
30 1121
32 1137
32
14
29 1137
32 1154
28
13
26 1149
29 1163
29
13
0 1151
3 1171
27
12
3 1151
6 1166
25
11
6 1151
9 1179
23
10
9 1154
19 1161
22
10
9 1161
22 1165
21
10
22 1154
25 1167
24
10
25 1163
31 1170
26
12
9 1165
18 1170
19
9
9 1170
18 1178
18
9
18 1167
24 1173
16
7
24 1170
29 1175
20
9
0 1171
6 1186
17
8
18 1173
24 1183
15
7
24 1175
32 1180
11
5
9 1178
16 1192
14
6
24 1180
28 1195
13
5
16 1183
22 1190
12
5
6 1179
9 1207
9
4
0 1186
6 1199
5
3
28 1180
32 1209
2
1
9 1192
18 1200
7
4
22 1183
24 1198
10
4
18 1190
21 1204
6
3
24 1195
28 1200
8
4
9 1200
16 1205
4
2
21 1200
28 1207
0
1
0 1199
3 1208
3
1
9 1205
15 1209
1
1
