23
0 0
3 22
87
29
3 0
6 12
88
29
6 0
8 11
90
29
8 0
11 7
89
29
11 0
16 10
84
28
16 0
23 4
83
28
16 4
18 10
86
28
8 10
19 14
78
27
19 4
23 19
85
28
3 12
7 26
76
25
7 14
10 24
81
27
10 14
12 23
82
27
12 14
14 21
77
26
14 14
19 26
74
25
7 24
12 31
79
27
19 19
23 33
70
24
0 22
3 33
80
27
12 26
18 31
69
24
3 26
7 33
71
24
7 31
12 35
75
25
12 31
14 39
73
24
14 31
17 40
72
24
0 35
10 41
64
23
17 33
21 43
66
23
21 33
23 52
68
23
10 39
13 51
67
23
0 41
5 45
65
23
0 45
10 52
60
22
13 40
17 54
62
22
0 52
7 58
61
22
17 43
21 48
63
22
7 54
18 59
56
21
18 48
20 64
59
21
20 52
23 57
58
21
20 57
23 79
54
20
0 58
7 63
51
20
7 59
12 64
52
20
12 59
15 79
55
20
15 59
18 65
57
21
0 63
4 73
53
20
4 64
9 73
50
19
0 73
9 78
49
19
0 78
6 84
46
18
15 65
19 73
47
18
15 73
19 80
48
18
9 64
11 82
45
17
6 78
9 89
42
17
11 79
14 87
43
17
19 79
22 86
44
17
14 80
16 91
40
16
16 80
19 97
39
15
0 84
3 100
41
17
19 86
23 93
38
15
9 87
14 92
37
15
3 84
6 93
36
14
6 92
16 99
32
13
19 93
23 104
33
13
3 93
6 102
35
13
6 99
18 104
31
13
0 102
4 109
34
13
4 104
7 120
29
12
7 104
10 115
30
12
10 104
15 110
28
12
15 104
23 111
24
11
0 109
4 121
26
11
10 111
16 117
25
11
16 111
19 117
27
11
19 111
23 126
21
10
7 115
10 132
23
10
10 117
14 122
22
10
14 117
17 135
20
9
0 121
4 132
19
9
10 122
14 134
17
8
4 120
7 130
18
8
17 126
23 130
16
8
0 132
9 140
13
7
17 130
20 140
15
7
9 134
14 140
14
7
0 140
7 147
12
6
7 140
12 147
11
5
20 130
23 141
9
4
14 135
17 143
10
4
0 147
12 155
6
3
17 141
23 151
7
3
12 143
16 166
3
2
16 151
20 169
0
1
20 151
22 166
8
3
0 155
4 162
4
2
4 155
11 162
2
2
0 162
3 169
5
2
3 162
5 166
1
1
