32
0 0
6 11
401
199
6 0
13 7
400
199
13 0
18 12
399
198
18 0
25 8
398
198
25 0
29 15
397
197
0 11
8 18
395
196
8 7
13 21
390
192
18 8
24 17
396
196
13 12
17 42
394
195
24 15
30 30
393
194
17 17
24 22
392
194
0 18
3 48
391
193
3 21
9 32
389
192
17 30
32 36
386
191
9 21
12 44
388
191
3 32
9 43
387
191
17 36
31 41
385
190
17 41
23 56
383
189
23 41
29 55
384
189
3 44
10 54
382
189
0 54
11 58
381
188
11 56
24 63
379
187
0 58
11 66
380
187
11 63
26 71
376
186
0 66
8 80
378
186
8 71
16 85
377
186
29 41
32 72
374
185
26 55
29 85
375
185
16 71
22 80
373
184
16 80
26 87
371
183
0 80
6 89
372
183
6 85
11 95
369
182
29 72
32 84
370
182
11 87
23 94
367
181
26 85
31 100
368
181
0 89
6 98
365
180
11 94
21 99
364
180
23 87
25 107
366
180
0 98
8 106
361
179
8 99
15 107
362
179
15 99
21 104
363
179
0 107
15 113
358
178
15 107
27 112
359
178
15 112
27 120
357
177
27 100
32 113
356
176
0 113
7 122
360
178
7 113
12 122
355
175
12 120
28 125
352
174
0 122
5 137
353
174
28 113
32 130
354
174
5 122
11 134
350
173
11 125
15 141
351
173
15 125
22 131
349
173
15 131
29 138
346
172
29 130
32 154
348
172
5 134
10 144
347
172
0 137
4 146
345
171
15 138
20 148
344
170
20 138
25 146
343
169
25 138
28 166
342
168
4 144
11 157
341
167
11 148
22 156
340
167
11 156
18 168
337
166
18 156
25 164
338
166
0 146
3 158
339
166
28 154
31 169
336
165
3 157
7 176
334
164
7 157
9 170
335
164
0 158
3 174
333
163
18 164
25 170
331
163
9 168
16 176
329
162
25 169
29 180
330
162
0 176
12 183
328
161
16 168
18 199
327
160
29 169
32 199
332
163
18 170
21 196
326
159
21 180
28 190
325
159
0 183
7 193
324
159
7 183
13 197
323
158
21 190
29 199
322
158
0 197
15 202
320
157
18 196
20 226
321
157
15 199
18 222
319
156
20 199
31 207
316
155
0 202
11 207
317
155
11 202
15 212
318
155
0 212
13 219
314
154
20 207
24 225
315
154
24 207
31 221
312
153
0 219
15 224
311
153
24 221
29 233
313
153
29 221
31 246
310
152
15 222
17 253
308
151
0 224
2 246
309
151
2 224
4 253
305
150
4 224
6 251
306
150
6 224
8 241
307
150
8 224
11 241
304
149
11 224
15 251
302
148
20 225
24 251
303
148
24 246
30 261
301
147
17 226
20 253
299
146
6 241
9 267
300
146
9 251
15 261
298
146
20 251
24 277
296
145
0 253
3 268
297
145
9 261
16 271
294
144
0 271
10 276
293
144
24 261
29 270
295
144
24 270
31 278
292
143
10 271
15 285
291
142
16 253
19 283
290
141
0 276
9 282
289
140
19 278
26 293
287
139
26 278
30 290
288
139
0 285
16 291
286
138
0 291
13 296
283
137
26 290
32 299
284
137
13 291
19 296
285
137
0 296
10 302
282
136
19 293
23 325
280
135
10 296
14 317
281
135
23 299
31 307
279
135
0 302
6 317
278
134
0 317
12 321
276
134
23 307
31 312
277
134
14 296
18 321
274
133
23 312
25 332
275
133
0 321
9 328
273
132
25 312
28 344
272
131
28 312
31 343
271
130
9 321
18 327
270
130
9 327
19 332
269
130
0 328
7 340
267
129
7 332
12 345
268
129
19 325
23 355
266
128
0 345
13 351
265
128
0 351
12 357
262
127
13 332
19 343
263
127
13 343
17 353
264
127
28 343
32 372
261
126
12 353
18 362
260
126
0 357
12 361
259
126
0 362
15 369
258
125
18 355
26 363
255
124
15 363
22 371
256
124
22 363
26 371
257
124
0 369
4 381
253
123
26 344
28 365
254
123
4 371
16 378
250
122
26 365
28 383
252
122
16 371
20 379
251
122
4 379
20 386
248
121
20 371
22 383
249
121
22 371
25 398
246
120
28 372
30 393
247
120
0 386
5 394
245
120
25 383
28 409
243
119
30 372
32 391
244
119
5 386
11 399
242
118
11 386
17 401
240
117
20 383
22 404
241
117
0 401
13 408
238
116
13 401
19 410
239
116
28 393
31 424
236
115
0 408
7 414
235
115
22 398
24 416
237
115
7 410
17 417
232
114
19 404
22 420
234
114
24 409
27 425
233
114
0 414
3 429
231
113
3 417
18 425
228
112
18 420
24 435
229
112
27 424
29 444
230
112
3 425
11 438
225
111
11 425
18 439
226
111
29 424
32 441
227
111
24 425
27 450
224
110
0 438
7 443
223
110
18 435
24 450
220
109
7 438
9 466
222
109
9 439
13 448
221
109
13 439
16 452
219
108
29 441
32 462
218
107
16 450
28 454
217
107
9 454
24 461
216
106
9 461
22 467
214
105
0 467
11 473
215
105
11 467
25 472
211
104
25 462
30 472
212
104
11 472
16 480
213
104
16 472
22 486
210
103
22 472
29 476
209
103
0 473
4 498
208
102
4 473
9 485
207
101
4 485
16 489
206
101
22 476
29 485
205
100
22 485
28 500
203
99
16 486
22 499
204
99
28 485
32 498
202
98
4 489
10 503
199
97
10 489
16 502
200
97
16 499
22 509
201
97
22 500
29 513
198
96
0 503
11 510
195
95
29 498
32 520
196
95
11 502
13 515
197
95
13 513
28 520
194
94
0 510
11 517
193
93
0 517
10 522
190
92
10 517
13 533
191
92
13 520
16 532
192
92
16 520
29 527
188
91
0 522
9 528
189
91
29 520
32 551
184
88
16 527
23 532
187
90
23 527
27 542
185
89
27 527
29 551
186
89
0 528
8 536
182
88
13 532
20 539
183
88
0 536
7 546
181
87
8 533
12 551
179
86
12 539
23 544
178
86
23 542
26 557
180
86
12 544
17 559
176
85
0 551
11 556
175
85
17 544
21 557
174
84
21 544
23 573
177
85
0 556
12 562
170
83
26 551
32 559
173
84
0 562
10 568
171
83
17 557
19 584
172
83
0 568
11 575
167
82
23 559
29 574
168
82
12 559
16 575
169
82
19 574
26 582
165
81
0 575
7 586
164
81
7 575
14 581
166
81
7 581
14 589
162
80
29 559
32 573
163
80
26 574
30 588
161
79
19 582
25 597
160
78
0 586
7 593
159
78
0 593
16 600
157
77
25 588
30 601
158
77
16 597
24 611
155
76
0 600
7 611
156
76
7 600
16 607
154
76
24 601
28 624
153
75
0 611
14 617
152
74
14 611
23 616
151
73
0 617
16 624
150
72
0 624
16 629
149
71
16 616
22 631
148
70
0 629
13 633
147
70
13 631
28 638
144
69
0 633
12 641
145
69
28 601
32 615
146
69
28 615
31 640
143
68
12 638
15 668
141
67
15 638
23 649
140
67
23 638
25 653
142
67
0 641
11 646
139
66
25 640
29 662
138
65
0 646
4 669
136
64
29 640
32 666
135
63
4 646
8 660
134
63
15 649
22 663
131
62
4 660
10 676
132
62
10 646
12 677
133
62
22 653
24 685
137
64
0 677
13 682
130
61
24 662
27 688
125
59
27 662
29 693
127
59
15 663
19 687
129
60
0 682
6 691
128
60
19 663
22 680
126
59
6 682
15 686
122
58
6 686
12 699
124
58
12 687
19 692
123
58
19 688
26 701
121
57
0 699
8 706
120
57
8 699
18 704
119
57
29 666
32 694
116
56
26 693
28 710
117
56
28 694
30 707
118
56
18 701
25 710
115
55
8 704
12 729
114
54
12 704
18 719
113
54
0 706
3 735
111
53
30 694
32 726
112
53
12 719
26 723
110
53
12 723
21 731
108
52
21 723
29 730
109
52
3 706
8 717
107
51
3 729
10 741
106
50
21 730
32 735
105
50
10 731
15 743
104
49
15 731
19 760
102
48
19 735
23 758
103
48
0 743
11 750
100
47
23 735
26 751
101
47
26 735
29 767
99
46
0 750
6 763
98
46
6 760
21 765
97
46
29 735
32 752
96
45
23 751
26 780
95
44
0 765
10 770
94
44
29 752
32 779
93
43
10 765
18 773
92
43
0 773
15 779
89
42
0 779
9 786
90
42
18 765
21 780
91
42
9 779
15 794
87
41
26 779
30 789
88
41
15 780
26 785
84
40
15 785
24 791
85
40
0 786
9 791
86
40
15 791
28 798
82
39
0 794
15 798
81
39
0 798
6 805
83
39
28 789
31 816
80
38
6 798
14 814
77
37
14 798
20 813
78
37
20 798
22 818
79
37
22 798
24 824
76
36
0 805
5 814
75
36
0 814
12 821
73
35
14 813
20 824
74
35
24 798
28 817
72
34
24 817
30 827
71
34
0 821
11 828
69
33
11 824
22 830
70
33
22 827
27 842
68
32
0 828
10 834
67
32
10 830
18 836
65
31
27 827
31 836
66
31
0 836
15 841
62
30
15 836
21 848
63
30
27 836
31 848
64
30
0 841
6 857
60
29
6 841
14 852
59
29
21 842
26 855
61
29
14 848
20 859
57
28
20 855
29 862
56
28
6 852
10 865
58
28
10 862
25 870
53
27
29 848
32 868
55
27
0 857
6 864
54
27
0 865
7 881
51
26
25 868
32 874
52
26
7 870
15 882
49
25
15 870
22 877
50
25
22 874
28 884
48
24
0 882
16 890
45
23
16 877
21 888
46
23
28 874
30 896
47
23
21 884
27 895
44
22
16 888
19 917
43
21
0 890
6 896
42
21
30 874
32 895
41
20
6 890
12 902
39
19
12 890
16 899
40
19
0 902
15 909
37
18
19 895
27 904
38
18
27 896
32 909
34
17
19 904
22 922
36
17
22 904
27 913
35
17
0 909
3 931
33
16
3 909
9 918
32
16
9 909
16 919
31
15
27 909
30 931
30
14
3 918
9 927
29
14
9 919
17 925
28
14
22 913
27 928
26
13
9 925
15 935
25
13
30 909
32 940
27
13
17 922
21 936
24
12
3 927
6 944
23
11
21 928
25 951
21
11
6 927
9 952
22
11
25 931
29 941
20
10
9 936
19 940
19
10
9 940
14 955
17
9
0 931
3 952
18
9
14 940
19 951
16
8
25 941
32 957
14
7
14 951
25 958
13
7
0 952
5 966
15
7
5 958
21 965
10
6
25 957
32 971
11
6
5 965
18 972
7
5
21 958
24 986
1
1
0 972
13 977
8
5
0 977
9 983
9
5
18 965
21 993
6
4
24 971
28 996
4
3
0 983
10 990
2
2
0 990
10 995
0
1
28 971
31 994
12
6
10 977
17 989
5
4
10 989
18 997
3
3
