32
0 0
8 11
196
100
8 0
15 8
197
100
15 0
28 7
195
99
15 7
22 20
193
98
22 7
28 16
194
98
28 0
32 24
191
97
8 8
14 22
188
95
0 11
5 22
190
97
5 11
7 27
192
97
14 20
21 31
189
96
21 24
30 30
181
93
7 22
14 31
187
95
0 31
14 35
184
94
21 30
29 40
178
92
30 24
32 47
186
94
14 31
18 54
183
93
0 35
6 47
182
93
18 31
21 48
185
94
6 35
12 48
179
92
21 40
26 51
180
92
26 40
30 68
177
91
0 48
10 54
176
91
18 51
26 61
174
90
0 54
12 60
173
90
12 54
15 69
175
90
0 60
11 68
172
89
15 68
31 72
171
88
0 68
9 74
169
87
9 72
16 78
170
87
16 72
26 76
168
87
16 76
28 80
166
86
0 78
12 82
165
86
12 80
19 86
167
86
0 86
15 92
164
85
19 80
27 92
163
84
0 92
14 97
162
84
28 72
30 92
161
83
14 92
22 98
160
82
30 72
32 101
159
81
22 92
28 101
157
81
0 97
3 113
158
81
3 98
15 105
155
80
15 98
18 121
156
80
28 92
30 113
154
79
18 98
21 126
153
78
21 101
28 110
152
78
30 101
32 122
151
77
0 113
15 120
148
76
21 113
30 119
149
76
21 119
29 125
150
76
0 120
5 129
147
75
5 120
11 132
146
74
21 125
31 130
144
74
11 126
19 130
145
74
11 130
18 142
142
73
19 126
21 154
143
73
0 129
4 156
141
72
21 130
29 140
140
72
4 132
10 146
139
71
21 140
29 146
138
71
4 146
17 153
135
70
4 153
17 159
136
70
29 130
32 151
137
70
21 146
26 161
134
69
0 159
15 166
132
68
15 161
22 172
133
68
22 161
32 168
129
67
0 166
3 184
131
67
3 166
8 175
130
67
8 166
11 193
128
66
22 168
27 183
127
66
11 172
22 180
126
65
11 180
18 191
125
64
18 183
26 188
124
64
0 184
7 199
122
63
27 168
32 182
123
63
18 188
26 200
121
62
0 199
14 205
119
61
14 200
25 207
120
61
27 182
29 213
118
60
0 205
8 219
116
59
8 207
19 214
115
59
29 182
31 198
117
59
29 198
31 228
114
58
19 207
25 211
113
58
19 211
23 224
112
57
8 214
18 219
110
57
0 219
7 224
111
57
25 200
27 213
109
56
7 219
16 226
107
56
23 211
25 242
108
56
0 226
15 233
106
55
25 213
28 236
103
54
16 219
19 238
104
54
19 224
22 236
105
54
0 233
7 248
101
53
7 238
19 243
100
53
25 236
31 244
102
53
7 243
15 253
99
52
19 236
21 264
98
51
0 253
14 257
97
51
21 244
31 250
94
50
15 243
19 257
95
50
21 250
27 265
92
49
0 257
6 266
93
49
27 250
30 275
96
50
6 257
15 265
91
49
6 265
17 272
88
48
17 265
25 274
89
48
0 266
4 278
90
48
4 272
7 293
87
47
7 272
10 287
86
46
10 272
17 277
85
46
30 250
32 270
84
45
17 275
28 280
83
44
10 277
15 293
82
43
15 280
22 287
80
42
28 275
32 285
81
42
22 285
30 297
78
41
15 287
20 301
79
41
0 278
3 306
76
40
30 285
32 309
77
40
3 293
7 302
75
40
7 293
15 306
73
39
20 297
26 311
74
39
0 306
15 313
72
38
26 297
30 328
70
37
15 301
18 332
71
37
0 313
15 319
68
36
18 311
23 325
69
36
23 311
26 327
67
35
0 319
3 338
65
33
3 319
12 325
63
33
3 325
10 332
64
33
18 327
25 339
66
34
12 319
15 332
62
32
3 332
17 337
59
31
3 337
15 342
60
31
25 328
28 346
61
31
15 339
24 346
57
30
0 342
8 357
54
29
28 328
31 351
56
29
8 342
12 353
55
29
12 346
18 355
58
30
18 346
21 363
53
28
21 351
30 358
50
27
8 355
13 369
52
27
0 357
6 363
51
27
13 355
16 374
48
26
21 358
30 363
47
26
0 363
7 374
46
25
16 363
23 377
45
24
23 363
26 382
44
23
26 363
29 377
43
22
0 374
11 382
40
21
11 374
15 394
42
21
30 351
32 370
49
26
15 377
23 385
41
21
0 382
8 394
38
20
26 377
31 386
39
20
15 386
30 393
36
19
15 393
30 400
35
19
0 394
9 399
37
19
9 394
15 408
34
18
15 400
25 407
33
18
0 399
3 416
32
17
25 400
32 413
30
16
3 399
6 416
31
16
15 407
24 412
29
16
6 399
9 431
27
15
9 408
11 434
28
15
11 408
15 418
25
14
15 412
17 425
26
14
17 412
21 434
24
13
21 413
32 420
22
13
0 416
6 424
23
13
11 418
15 431
21
12
0 434
14 440
18
11
21 420
23 446
13
8
23 420
26 447
20
11
14 434
21 444
19
11
26 420
32 432
16
10
26 432
31 444
17
10
0 440
9 444
14
9
0 444
7 450
15
9
7 446
23 451
12
7
0 451
15 459
10
6
15 451
30 459
9
6
0 459
9 464
11
6
9 459
20 466
7
5
20 459
26 475
6
4
0 464
7 478
0
1
26 459
30 478
8
5
30 444
32 475
3
2
7 466
10 480
5
3
10 466
13 480
4
3
13 466
20 475
2
2
13 475
26 480
1
2
