32
0 0
5 7
76
32
5 0
8 18
74
31
8 0
21 8
70
29
21 0
27 13
72
30
8 8
21 16
69
29
27 0
32 10
75
32
0 7
5 14
73
30
8 16
22 20
68
29
22 13
28 22
67
28
28 10
30 26
77
32
0 18
7 32
66
28
7 20
10 33
64
27
10 20
16 25
71
29
16 20
19 31
62
26
19 20
22 25
63
26
30 10
32 32
65
27
19 25
28 29
61
26
10 25
13 39
60
25
19 29
27 33
59
25
13 25
16 51
57
24
27 29
30 45
58
24
0 33
10 41
56
23
16 33
23 39
53
22
0 41
12 47
52
22
23 33
26 50
55
22
16 39
21 45
54
22
16 45
23 57
50
20
26 45
30 50
51
21
0 47
3 78
44
17
3 47
13 52
49
20
23 50
26 77
46
18
30 32
32 51
47
18
3 52
10 57
48
19
3 57
10 71
45
18
26 51
31 61
43
16
10 52
16 61
41
15
16 57
18 62
42
15
18 57
21 75
40
14
10 62
18 75
36
13
3 71
10 84
37
13
10 75
17 82
38
13
21 57
23 66
39
13
17 77
29 83
33
12
29 61
32 82
35
12
10 82
14 86
34
12
0 78
3 106
31
11
14 83
25 90
29
11
3 86
13 91
30
11
29 82
31 101
32
11
25 83
29 94
28
10
13 90
19 97
26
10
3 91
11 96
25
10
19 90
24 94
27
10
19 94
26 100
23
9
3 96
11 100
21
9
11 97
18 105
22
9
18 101
30 105
18
8
3 100
6 110
24
9
6 105
13 120
16
7
13 105
27 110
17
8
13 110
20 117
15
6
27 105
32 115
13
5
0 106
3 127
19
8
3 110
6 122
14
5
20 110
22 128
20
8
22 115
32 120
10
4
13 117
16 142
11
4
6 120
13 136
12
5
16 117
20 149
7
3
22 120
27 130
6
3
27 120
29 144
9
3
0 127
4 138
8
3
29 120
32 151
4
2
20 130
23 149
5
2
4 136
11 143
3
2
23 130
27 151
0
1
0 138
4 149
1
1
11 142
15 147
2
1
