30
0 0
3 14
43
19
3 0
11 6
44
20
11 0
20 8
41
19
20 0
23 21
40
18
3 8
14 16
39
18
0 16
13 22
38
18
23 0
27 21
45
20
14 8
20 24
34
16
0 22
13 30
36
17
27 0
30 16
42
19
20 21
28 27
37
17
13 24
19 38
33
16
0 30
12 36
35
16
19 27
22 54
31
15
22 27
27 42
32
15
0 36
11 42
28
14
11 38
18 46
30
14
0 42
10 46
29
14
0 46
14 51
27
13
28 16
30 46
26
13
22 42
25 60
25
13
0 51
14 58
23
12
14 46
19 61
24
12
0 58
8 72
22
11
8 61
20 68
21
11
25 42
27 64
20
11
20 60
24 84
19
10
27 46
30 66
17
10
24 64
27 79
18
10
0 72
13 79
16
9
13 68
20 77
15
9
0 79
13 85
14
8
27 66
30 80
13
8
13 77
19 84
12
7
13 84
22 92
11
6
24 80
30 92
10
6
0 85
9 91
9
6
0 91
9 98
6
4
9 92
14 107
8
5
14 92
29 98
7
4
0 98
6 104
5
4
14 98
19 107
0
1
19 98
26 111
4
3
6 98
8 112
2
2
0 104
6 112
3
3
26 98
28 112
1
1
