29
0 0
7 5
48
20
7 0
9 29
44
18
9 0
21 8
49
20
9 8
22 13
45
18
22 0
26 26
47
19
9 13
19 17
42
18
9 17
21 22
41
17
9 22
21 30
38
16
26 0
28 16
39
17
0 5
4 19
46
19
0 19
4 34
43
18
21 26
28 37
40
17
4 5
7 34
34
15
7 30
15 36
35
15
0 34
7 46
31
14
7 36
17 41
30
14
17 30
21 43
36
16
21 37
24 46
33
14
24 37
27 52
27
12
7 43
19 50
32
14
27 37
29 56
37
16
0 46
3 65
26
12
19 43
21 55
28
13
3 50
17 54
29
13
3 54
14 62
24
11
14 55
23 63
23
11
23 52
27 67
19
9
3 62
6 80
18
9
6 62
12 76
25
11
27 56
29 68
22
10
12 63
18 76
16
8
18 63
23 71
21
9
0 65
3 75
17
8
6 76
19 83
12
7
23 68
29 77
20
9
19 71
23 89
13
7
0 83
9 89
14
7
23 77
27 89
15
7
9 83
12 88
11
6
12 83
19 96
10
5
0 89
5 100
2
2
9 88
12 97
9
4
19 89
27 99
4
2
5 89
9 114
8
4
9 97
19 103
6
4
19 99
26 104
1
2
27 77
29 104
5
3
9 103
17 116
7
4
0 100
5 105
3
2
17 104
25 119
0
1
