36
0 0
18 8
113
75
18 0
22 18
111
74
22 0
26 27
101
67
26 0
28 18
112
74
0 8
11 13
110
73
0 13
10 20
109
72
0 20
17 26
107
71
28 0
34 12
108
71
28 12
33 26
106
70
0 26
8 32
105
70
34 0
36 36
104
69
8 26
17 34
103
69
17 18
21 44
102
68
21 27
31 34
100
67
0 34
13 38
99
66
0 38
16 45
98
65
21 34
28 42
96
63
16 44
33 49
94
62
33 36
36 56
97
64
0 45
8 56
93
61
8 49
20 54
92
61
20 49
23 74
91
60
0 56
15 60
90
60
23 49
27 66
95
62
27 49
30 73
89
59
0 60
8 77
88
58
8 60
16 76
87
57
16 74
30 81
86
57
8 76
15 85
85
56
30 56
35 76
84
55
15 81
27 88
83
55
0 88
17 93
81
54
30 76
32 109
82
54
17 88
28 94
80
53
32 76
35 97
79
52
0 94
18 99
77
51
18 94
29 100
78
51
32 97
36 118
76
50
0 99
10 105
75
50
10 99
13 125
74
49
13 100
23 107
73
49
0 105
8 119
72
48
23 100
30 117
71
47
13 107
23 126
70
46
23 118
35 124
68
45
0 119
10 124
69
45
0 124
9 139
66
44
23 124
27 155
67
44
27 124
34 133
65
43
9 126
21 130
64
42
9 130
16 144
63
41
0 144
17 152
62
40
27 133
36 152
60
39
17 130
23 139
61
39
0 152
18 158
59
38
27 152
35 167
58
37
0 158
10 178
57
36
10 158
25 164
56
36
10 164
14 197
54
35
14 164
17 181
55
35
17 164
23 172
53
34
23 167
36 174
51
33
17 172
22 186
52
33
22 174
26 193
50
32
26 174
30 191
49
31
30 174
36 188
47
30
0 178
2 198
48
30
2 178
5 203
46
29
5 178
10 190
45
29
14 193
31 199
44
28
5 197
12 211
43
27
12 199
23 204
41
26
23 199
31 204
42
26
12 204
29 210
40
25
31 188
33 220
37
22
33 188
36 218
39
24
0 203
3 226
38
23
12 210
15 237
35
21
15 210
22 220
36
22
22 210
30 223
34
21
3 211
12 228
32
20
15 223
25 227
31
19
15 227
31 234
29
18
33 218
36 239
33
20
15 234
33 240
27
17
0 226
3 256
28
17
3 228
8 240
30
18
8 237
14 247
26
16
14 240
21 249
25
16
3 249
21 256
23
15
21 240
34 248
24
15
0 256
18 261
21
14
21 248
32 255
22
14
21 255
34 260
19
13
18 260
23 269
17
12
23 260
33 266
20
13
0 261
4 272
18
12
34 239
36 257
16
11
4 261
8 279
15
10
23 266
36 271
14
10
8 261
11 282
13
9
11 269
22 274
12
9
11 274
26 279
10
8
26 271
30 289
11
8
0 279
8 293
9
7
11 279
23 283
8
7
8 283
15 297
7
6
30 271
33 301
0
1
15 283
21 298
5
5
21 289
29 298
4
4
0 293
6 306
6
5
6 298
20 306
2
3
33 271
36 297
1
2
20 298
29 304
3
3
