32
0 0
8 10
70
40
8 0
12 15
71
40
12 0
15 25
68
39
15 0
26 6
66
38
15 6
25 13
67
38
26 0
30 18
65
37
15 18
29 24
64
37
0 10
4 40
58
33
15 24
25 30
61
36
30 0
32 22
69
39
4 10
6 23
72
40
4 23
12 29
62
36
4 29
12 37
60
35
25 24
32 33
57
33
12 30
16 44
59
34
16 30
23 41
63
36
23 33
32 40
56
33
4 37
12 42
55
32
0 40
3 71
54
31
23 40
32 45
53
31
16 41
23 52
51
30
3 42
8 54
52
30
8 42
12 60
50
29
23 45
31 55
47
28
12 52
17 64
49
28
17 52
23 57
48
28
3 54
6 82
46
27
17 57
28 63
45
27
28 55
32 75
42
26
6 60
10 75
43
26
17 63
20 79
44
26
20 63
25 77
41
25
25 63
28 87
39
24
10 60
12 84
40
24
12 64
17 80
38
23
0 71
3 88
37
22
6 75
10 96
31
19
17 79
23 84
36
22
28 75
30 104
35
21
12 80
15 105
32
20
3 82
6 96
33
20
15 84
25 89
30
18
15 89
24 95
29
17
25 87
28 100
34
21
0 96
12 104
28
16
15 100
27 108
27
15
0 104
4 115
24
14
4 104
11 118
21
13
30 75
32 104
25
14
11 108
17 116
22
13
27 104
29 122
26
14
17 108
21 119
23
13
21 108
27 115
20
12
0 118
7 131
19
12
7 119
18 126
16
11
29 104
31 132
13
9
18 122
28 128
17
11
7 128
19 134
14
10
19 128
21 155
15
10
21 128
26 141
18
11
0 131
5 139
12
9
5 134
13 140
11
8
26 128
29 151
8
6
0 140
16 147
9
7
21 141
25 160
10
7
0 147
7 159
7
6
7 147
16 152
6
5
0 159
15 165
5
5
29 132
32 148
4
4
16 134
19 166
3
3
25 151
30 160
2
3
19 160
24 170
1
2
0 165
14 170
0
1
