30
0 0
4 28
60
25
4 0
13 5
69
29
13 0
17 5
70
29
17 0
23 14
68
28
23 0
26 5
71
29
26 0
29 14
67
27
4 5
7 26
63
26
7 5
10 22
61
25
10 5
14 26
57
24
14 5
17 23
59
24
17 14
21 21
65
27
23 5
26 26
66
27
4 26
14 31
56
24
26 14
29 42
62
26
21 14
23 29
64
26
17 21
21 39
58
24
14 23
17 44
54
23
23 26
26 47
53
23
0 28
2 46
55
23
2 31
5 55
52
22
5 31
9 44
51
22
9 31
14 40
50
22
17 39
21 69
47
21
21 29
23 59
49
21
9 40
13 46
48
21
26 42
30 53
46
20
5 46
10 53
45
20
0 55
13 60
44
19
13 44
16 56
43
18
23 53
27 59
42
18
21 59
29 74
40
17
0 60
13 66
39
17
0 66
6 74
41
17
6 66
12 74
38
16
13 56
17 64
37
15
12 69
19 80
33
14
0 74
3 92
36
14
3 74
10 80
34
14
19 74
26 78
35
14
3 80
16 87
31
13
19 78
28 84
32
13
16 84
27 92
28
12
27 84
30 107
30
12
3 87
8 99
29
12
8 87
11 95
27
11
11 92
25 99
25
10
0 92
3 100
26
10
3 99
16 105
22
9
0 105
12 110
23
9
16 99
22 106
24
9
22 99
26 126
15
6
12 106
17 114
21
8
17 106
21 129
12
5
0 110
6 123
18
7
6 110
12 120
20
8
26 107
30 130
16
6
12 114
17 124
19
7
6 120
10 128
17
6
0 123
5 128
14
6
10 124
13 151
13
5
13 124
17 138
8
4
0 128
7 140
10
5
17 129
23 134
11
5
17 134
25 138
7
4
7 128
9 138
9
4
13 138
27 143
5
3
0 140
7 146
6
3
13 143
21 151
1
2
21 143
27 152
2
2
27 130
29 152
4
2
0 146
6 152
3
2
7 138
10 151
0
1
