36
0 0
12 7
123
75
12 0
30 4
122
74
30 0
35 17
121
73
12 4
15 31
119
72
15 4
17 32
120
72
17 4
24 19
117
71
24 4
30 17
118
71
0 7
7 21
116
70
24 17
35 23
115
70
17 19
24 38
110
65
0 21
9 40
113
68
24 23
34 35
112
67
9 31
15 42
111
66
34 23
36 55
114
69
15 38
33 43
108
64
0 40
3 57
109
64
3 40
7 72
105
62
7 42
10 69
107
63
10 43
21 49
106
63
10 49
27 54
104
61
10 54
24 59
102
60
24 55
35 59
103
60
10 59
24 67
101
59
0 57
3 74
99
58
24 59
27 75
100
58
27 59
36 75
98
57
10 67
24 73
97
57
3 72
7 88
94
55
7 73
15 90
96
56
15 75
32 81
95
56
32 75
36 110
93
55
0 74
3 102
84
50
15 81
19 90
92
54
19 81
22 110
89
53
22 81
24 109
90
53
24 81
28 93
91
54
3 90
12 95
87
52
3 95
16 101
85
51
28 81
30 100
86
51
16 90
19 118
88
52
24 100
31 112
83
50
3 101
13 117
81
49
13 101
16 123
82
49
19 112
26 131
79
48
26 112
32 131
80
48
0 117
13 124
77
47
13 123
19 134
78
47
32 110
34 131
76
46
0 124
12 129
75
45
0 129
4 154
74
44
19 131
29 137
73
44
4 134
17 141
71
43
17 137
25 148
72
43
25 137
34 152
70
42
4 141
7 176
68
41
34 110
36 139
69
41
7 141
11 168
67
40
11 141
15 168
66
40
15 148
22 166
65
39
15 166
30 173
64
39
7 173
21 180
62
38
30 152
35 161
63
38
0 154
3 186
60
37
30 161
32 182
61
37
21 173
30 190
59
36
3 180
21 185
58
36
3 185
20 190
57
35
32 161
36 179
56
34
0 190
10 197
55
34
10 190
18 199
53
33
32 179
35 196
54
33
18 190
21 207
51
32
30 182
32 207
52
32
21 190
25 207
50
31
0 199
15 206
48
30
0 206
16 212
46
29
25 190
28 219
47
29
16 207
25 226
44
28
28 190
30 219
45
28
30 207
36 223
49
30
0 212
10 229
43
27
25 223
36 230
42
27
10 212
13 245
41
26
13 226
25 233
39
25
13 233
28 239
35
23
0 229
3 263
37
24
28 230
36 235
40
26
3 229
6 255
38
24
28 235
36 240
36
23
13 239
22 252
34
22
6 252
24 258
33
22
24 239
27 275
32
21
3 258
16 265
30
20
27 240
30 268
31
20
0 265
9 276
29
19
9 265
18 276
28
19
30 240
34 265
27
18
18 258
22 277
26
17
27 268
34 287
24
16
22 275
26 310
25
16
0 276
3 308
23
15
3 276
12 282
22
15
34 240
36 274
21
14
12 277
21 289
19
13
3 282
12 292
20
13
3 292
19 299
17
12
26 287
30 317
13
8
30 287
33 320
18
12
34 274
36 291
16
11
19 289
21 317
15
10
3 299
18 306
14
9
3 306
10 324
12
8
10 306
16 324
11
7
33 291
36 320
9
6
16 306
18 337
10
6
21 310
25 338
8
5
0 324
15 331
7
5
0 331
12 338
5
4
25 317
29 349
3
3
18 317
21 349
4
3
29 320
32 346
6
4
12 337
18 346
2
2
32 320
35 342
0
1
0 338
10 350
1
2
