35
0 0
3 21
306
199
3 0
10 13
305
199
10 0
23 7
303
198
23 0
27 20
304
198
3 13
18 17
301
197
3 17
18 23
300
196
18 20
28 25
302
197
28 0
34 18
299
195
0 23
11 29
298
194
28 18
31 40
297
193
11 25
20 31
296
193
31 18
35 46
294
192
20 25
23 53
295
192
23 25
27 56
291
190
0 29
7 43
292
191
7 31
12 48
293
191
0 48
10 55
290
190
10 48
20 54
289
189
0 55
14 61
287
188
14 56
26 62
288
188
26 56
35 73
285
187
0 61
4 82
286
187
4 61
7 83
284
186
7 62
24 67
282
185
7 67
14 79
283
185
24 62
26 80
281
184
14 67
22 81
280
183
26 73
35 84
279
182
7 81
19 86
278
182
19 81
25 94
276
181
0 83
6 93
277
181
25 84
34 104
275
180
6 86
16 98
273
178
0 98
15 103
272
178
16 94
20 115
271
177
0 103
6 114
270
177
20 104
33 111
274
179
6 103
15 114
268
176
20 111
28 116
269
176
0 114
14 120
266
175
33 104
35 124
267
175
14 116
24 129
265
174
24 116
33 122
263
173
0 120
3 136
264
173
3 120
6 144
262
172
6 120
8 149
261
171
8 120
11 149
260
170
24 122
28 146
258
169
28 122
32 142
259
169
11 129
17 138
257
168
17 129
23 138
256
168
11 138
24 146
254
167
32 124
35 156
255
167
11 146
19 160
252
166
0 136
2 169
253
166
19 146
30 152
251
165
19 156
34 160
250
165
2 144
5 163
249
164
5 160
21 166
247
163
21 160
24 182
248
163
24 160
27 186
246
162
2 166
11 171
245
161
27 160
33 177
243
160
11 166
16 174
244
160
16 166
19 196
242
159
33 160
35 190
241
158
0 171
7 191
240
157
19 186
30 191
239
157
7 171
11 190
237
156
11 174
15 192
238
156
30 190
35 209
236
155
0 191
10 198
235
155
19 191
28 196
234
154
10 196
27 204
232
153
0 198
4 206
233
153
4 204
16 211
231
152
16 204
23 223
230
151
0 211
14 216
228
150
23 209
32 213
229
151
23 213
28 223
227
149
0 216
9 222
226
148
0 222
9 240
224
147
32 209
35 234
225
147
9 216
14 228
223
146
14 223
26 227
222
146
14 227
24 245
221
145
0 245
17 253
220
145
24 227
31 246
219
144
17 246
30 252
218
144
17 252
32 257
216
143
0 253
4 266
217
143
4 253
8 277
215
142
8 257
19 265
213
141
19 257
30 264
214
141
30 257
34 285
208
137
19 264
23 280
211
139
8 265
18 271
210
139
23 264
26 286
212
140
0 277
17 284
209
138
0 284
9 290
207
136
9 284
16 299
206
135
26 264
30 284
205
134
17 280
22 294
204
134
22 286
32 291
203
133
0 290
9 304
202
132
22 291
35 298
201
132
16 294
22 313
199
131
22 298
25 325
200
131
0 304
16 310
198
130
25 298
28 330
196
128
0 310
10 318
197
129
0 318
13 324
194
127
28 298
32 307
195
127
13 313
22 331
192
126
32 298
35 322
193
126
0 324
8 339
190
125
28 307
30 332
191
125
30 322
34 347
189
124
8 324
12 335
187
123
22 330
26 338
188
123
12 331
20 343
185
122
26 332
29 357
186
122
0 339
9 350
184
121
9 343
19 352
183
121
20 338
23 365
181
120
23 338
26 363
182
120
29 347
34 355
177
117
0 350
7 364
179
119
7 350
9 368
180
119
9 352
16 364
178
118
26 357
34 366
176
117
9 364
18 379
175
116
18 366
28 371
174
116
0 364
6 375
172
115
28 366
30 385
173
115
18 371
26 386
171
114
0 379
16 385
169
113
30 366
35 375
170
113
0 385
14 393
168
112
30 375
33 399
167
111
14 386
21 394
166
110
21 386
29 399
164
109
33 375
35 393
165
109
0 393
13 400
163
108
13 399
30 407
162
108
0 400
9 407
161
107
0 407
12 412
160
107
12 407
21 426
159
106
21 407
32 414
158
106
0 426
17 432
156
105
33 393
35 416
157
105
21 414
25 433
155
104
25 414
31 426
154
104
31 416
34 446
152
103
17 426
19 445
153
103
0 432
9 452
151
102
9 445
22 450
150
102
22 433
30 445
149
101
9 450
23 457
148
100
23 446
33 454
147
99
0 452
8 471
146
98
23 454
32 461
145
98
8 457
18 475
144
97
18 461
30 466
142
96
18 466
28 471
143
96
28 466
34 478
141
95
0 471
8 476
140
95
18 471
28 477
139
94
8 475
18 491
138
93
0 476
6 491
137
92
0 491
18 495
136
92
18 477
24 495
135
91
24 477
27 510
133
90
27 478
30 508
134
90
0 495
8 503
131
89
30 478
32 495
132
89
8 495
21 502
129
88
32 478
35 503
130
88
8 502
12 520
127
87
21 495
24 511
128
87
12 511
25 519
126
86
25 510
34 517
125
85
0 503
7 522
124
84
12 519
29 526
123
84
0 522
9 539
121
83
29 517
33 542
122
83
9 520
12 544
120
82
12 526
16 544
119
81
16 526
25 541
118
80
16 541
29 546
117
80
0 539
3 559
116
79
3 544
16 550
114
78
29 542
32 577
105
72
3 550
20 557
112
77
20 546
24 567
113
77
3 557
12 562
111
76
0 562
17 570
109
75
17 567
26 581
106
73
33 517
35 536
110
75
0 570
17 576
107
74
32 542
35 565
108
74
0 576
9 587
104
72
9 576
13 593
103
71
26 546
29 574
115
78
32 565
35 589
102
70
13 581
21 591
101
69
21 581
29 589
100
68
0 587
7 600
98
67
21 589
25 609
99
67
25 589
30 601
97
66
0 600
17 606
95
65
25 601
32 614
96
65
32 589
35 617
94
64
0 606
15 611
93
63
17 591
19 619
92
62
19 609
24 625
91
61
0 611
4 627
90
60
4 611
10 624
89
59
24 614
32 621
88
59
10 611
17 627
87
58
24 621
30 640
85
57
32 617
35 638
86
57
0 627
10 646
83
56
17 625
22 638
84
56
10 627
16 642
81
55
30 621
32 641
82
55
16 641
32 647
79
54
0 646
10 653
80
54
10 642
15 656
78
53
15 647
23 660
77
52
23 647
28 655
76
51
0 653
9 657
75
51
32 638
34 657
74
50
23 655
30 666
73
49
0 657
12 661
72
48
12 660
21 675
71
47
0 661
7 673
69
46
30 647
32 667
70
46
21 666
30 674
68
45
0 673
6 681
66
43
7 661
11 684
64
42
32 657
35 676
65
42
21 674
30 683
67
44
11 675
20 683
63
41
11 683
20 689
62
40
20 683
28 699
61
39
0 689
16 694
59
38
0 694
15 699
60
38
0 699
8 719
57
37
28 683
34 693
58
37
28 693
34 706
55
36
8 699
15 715
53
35
16 689
19 713
56
36
19 699
21 733
54
35
21 706
34 711
50
33
21 711
25 725
48
31
0 719
17 724
52
34
25 711
28 737
49
32
28 711
33 730
51
33
0 724
3 753
47
30
3 724
7 737
46
30
7 724
14 740
45
29
28 730
35 746
44
29
17 713
19 748
43
28
14 724
17 754
42
27
21 725
24 746
41
26
3 740
11 754
40
25
19 746
32 751
38
24
11 740
13 757
39
24
17 751
29 758
36
23
29 751
33 770
37
23
0 754
4 785
35
22
4 758
21 763
34
22
4 763
14 779
33
21
14 763
28 771
31
20
28 770
31 803
32
20
14 771
24 788
29
19
31 770
34 791
30
19
4 779
13 788
28
18
24 771
27 805
27
17
0 788
10 793
26
17
10 788
24 796
24
16
0 793
9 799
25
16
9 796
19 802
23
15
31 791
35 812
22
14
0 802
16 809
21
13
0 809
18 816
19
12
18 802
24 818
17
11
27 803
30 823
18
11
30 812
35 826
20
12
0 816
4 832
15
10
4 816
8 845
13
9
24 805
27 838
14
9
8 816
16 834
11
8
16 818
22 827
12
8
27 823
30 851
16
10
22 818
24 842
10
7
16 827
22 841
8
6
30 826
33 842
9
7
8 834
16 852
5
4
0 832
4 852
7
5
24 838
27 861
3
2
0 852
13 859
4
3
0 859
18 866
0
1
18 842
24 861
2
2
30 842
33 860
6
4
18 861
28 866
1
1
