32
0 0
8 9
489
240
8 0
15 16
487
239
15 0
18 23
488
239
18 0
24 15
486
238
24 0
30 13
485
237
0 9
7 17
484
237
18 15
28 21
481
236
0 17
10 22
482
236
18 21
27 26
483
236
0 22
14 30
479
235
30 0
32 31
480
235
14 26
22 33
478
234
27 21
30 45
476
233
22 26
25 47
477
233
0 30
4 52
469
230
4 30
8 55
474
232
8 33
19 40
473
232
19 33
22 53
475
232
8 40
12 58
471
231
25 26
27 52
472
231
30 31
32 58
470
230
12 40
18 46
468
230
12 46
16 61
467
229
0 52
4 67
466
229
16 53
29 60
463
228
4 55
8 81
454
224
16 60
26 67
464
228
8 61
16 67
465
228
8 67
15 81
460
227
26 60
31 69
461
227
0 67
2 82
462
227
15 67
20 79
459
226
20 67
26 79
456
225
26 69
30 84
457
225
2 67
4 89
458
225
15 79
18 102
455
224
18 79
22 94
452
223
4 81
13 85
451
223
30 69
32 83
453
223
22 79
26 97
450
222
26 84
32 90
449
222
4 85
11 99
447
221
18 97
30 103
446
221
11 85
14 103
448
221
0 99
8 105
444
220
8 103
13 112
445
220
13 103
20 115
441
219
20 103
24 122
443
219
24 103
30 107
442
219
0 105
8 112
440
218
0 112
9 118
439
218
30 90
32 106
438
217
24 107
29 120
436
216
30 106
32 131
437
216
0 118
12 122
435
216
0 122
13 128
432
215
13 115
20 123
434
215
20 122
29 126
433
215
13 123
16 144
422
211
16 126
30 132
430
214
0 128
2 153
431
214
2 128
5 157
428
213
16 132
26 138
427
213
5 128
8 158
426
212
16 138
29 143
424
212
8 128
10 154
429
213
16 143
23 149
425
212
23 143
27 163
421
211
10 128
12 144
423
211
8 154
23 161
418
210
29 132
32 161
420
210
0 161
10 169
419
210
10 161
18 171
416
209
18 163
24 176
417
209
27 161
30 193
414
208
24 163
27 179
415
208
0 171
16 176
413
207
0 176
7 181
412
206
7 176
11 198
410
205
11 176
14 202
411
205
14 176
19 189
409
205
14 193
29 197
406
204
14 197
24 202
407
204
0 181
4 212
404
203
24 197
29 208
403
203
4 181
7 201
408
204
7 198
11 211
405
203
11 202
16 214
402
202
16 202
23 218
399
201
23 208
27 231
401
201
0 212
8 227
394
198
8 214
14 222
400
201
14 218
22 233
396
199
27 208
32 221
397
199
27 221
30 238
395
198
8 222
11 239
398
200
11 222
14 236
393
197
0 227
8 237
392
196
14 233
21 242
391
195
22 231
26 245
390
194
0 237
6 247
386
193
26 238
31 249
387
193
6 239
13 254
389
194
13 242
16 254
388
193
16 245
24 254
383
192
0 247
3 267
384
192
3 247
6 264
385
192
24 249
28 263
382
191
6 254
11 263
381
191
6 263
22 270
379
190
28 249
31 268
380
190
22 263
25 289
378
189
0 270
15 275
376
189
0 275
11 280
377
189
25 268
32 281
374
188
15 270
19 286
375
188
0 280
15 288
372
187
19 270
22 283
373
187
0 288
11 295
370
186
25 281
31 289
371
186
11 289
24 295
369
185
24 289
28 319
368
184
0 295
12 301
367
184
0 301
14 308
364
183
14 295
19 305
365
183
28 289
31 304
366
183
14 305
21 319
363
182
0 308
7 319
362
181
0 319
8 325
361
181
8 319
15 329
359
180
15 319
22 327
360
180
28 304
32 325
358
179
22 319
27 333
356
179
0 325
5 337
357
179
27 325
32 340
355
178
5 329
17 336
354
177
5 336
19 341
352
176
19 333
24 343
353
176
0 341
16 348
349
175
16 343
28 349
350
175
0 348
10 353
351
175
10 349
25 353
348
174
0 353
15 360
345
173
28 340
31 369
347
173
15 353
20 368
346
173
20 353
26 364
343
172
0 360
6 368
344
172
6 360
12 376
341
171
20 364
25 378
342
171
0 368
4 397
339
170
26 349
28 380
340
170
12 368
20 375
338
170
28 369
32 396
336
169
12 375
15 388
337
169
15 378
25 385
334
168
4 376
8 385
335
168
15 385
24 389
333
167
4 389
19 397
330
166
19 389
24 402
331
166
24 385
28 400
332
166
0 397
11 401
328
165
28 396
31 410
329
165
0 401
14 408
325
164
14 402
21 411
326
164
24 400
28 411
327
164
0 408
8 423
322
163
21 402
23 432
324
163
8 408
14 414
323
163
23 411
31 422
321
162
0 423
14 430
319
161
14 411
20 424
320
161
0 430
15 436
318
160
23 422
31 429
317
159
23 429
30 444
315
158
15 432
23 440
314
158
0 436
4 448
316
158
4 436
9 446
313
157
9 440
22 447
311
156
30 429
32 445
312
156
4 447
17 452
310
155
22 444
28 453
307
154
0 452
6 460
308
154
6 452
12 460
309
154
28 445
31 460
306
153
17 447
21 477
305
152
0 460
8 464
304
152
0 464
14 471
303
152
14 452
17 474
302
151
0 471
12 477
301
150
21 453
28 467
299
149
28 460
31 483
300
149
0 477
15 485
297
148
21 467
25 481
298
148
15 477
19 489
296
147
19 481
25 497
295
146
25 483
32 493
293
145
0 485
3 508
294
145
3 485
11 493
292
145
11 485
13 510
291
144
13 497
25 501
290
144
3 493
11 507
288
143
13 501
27 508
287
143
27 493
30 521
289
143
3 507
10 522
284
142
13 508
20 521
285
142
20 508
26 523
286
142
30 493
32 522
283
141
10 521
17 526
282
141
17 523
30 527
280
140
0 522
6 530
278
138
6 526
16 531
281
140
16 527
32 532
279
139
0 531
9 536
277
138
9 532
19 536
275
136
19 532
32 538
274
136
0 536
4 566
276
137
4 536
8 562
272
135
8 536
11 552
273
135
11 538
21 545
270
134
21 538
25 553
271
134
11 545
19 559
269
133
19 553
30 561
267
132
8 559
19 563
268
132
4 563
18 570
264
131
19 561
31 568
266
131
18 568
32 574
265
131
0 570
5 586
261
130
5 570
10 580
262
130
10 570
15 580
263
130
15 574
30 582
259
129
5 580
9 590
260
129
9 582
22 588
258
128
9 588
24 593
255
127
24 582
27 602
256
127
27 582
30 597
257
127
0 586
5 597
254
126
5 593
12 598
253
126
0 598
16 603
250
125
16 593
24 599
252
125
16 599
24 605
251
125
27 597
31 628
239
117
0 603
6 615
249
124
24 602
26 623
248
123
6 605
18 613
247
122
6 613
19 620
245
121
0 620
9 627
246
121
19 605
22 623
244
120
9 620
13 644
242
119
13 620
16 634
243
119
16 620
19 632
241
118
16 632
31 640
238
117
0 627
4 640
240
117
13 640
23 646
236
116
4 627
6 641
237
116
0 646
14 653
233
115
23 640
32 648
234
115
14 646
20 655
235
115
20 646
22 669
232
114
22 648
25 663
231
114
25 648
29 679
229
113
0 653
5 664
228
113
29 648
32 665
230
113
5 653
14 661
227
112
5 661
15 667
225
111
0 667
6 675
226
111
6 667
18 671
224
110
6 671
16 679
223
109
18 669
23 679
220
107
0 679
7 686
219
107
23 663
25 676
222
108
29 665
31 687
221
107
7 679
13 694
218
106
13 679
23 687
216
106
13 687
21 694
217
106
21 687
29 694
211
104
0 686
3 713
215
105
3 686
6 713
214
105
6 694
11 709
213
105
11 694
15 719
212
104
15 694
26 698
210
104
29 687
32 707
209
103
15 698
25 704
208
102
15 704
29 711
205
101
15 711
21 727
206
101
29 707
32 738
207
101
0 713
10 720
202
100
21 711
26 725
204
100
0 720
9 727
203
100
21 725
29 741
199
99
9 720
15 729
200
99
0 727
2 750
201
99
2 729
14 737
197
98
15 727
21 740
198
98
2 737
5 754
196
97
5 740
17 748
195
96
17 741
30 749
192
95
5 748
12 760
193
95
12 748
16 762
194
95
16 749
29 755
190
94
29 749
32 771
191
94
0 754
3 774
189
93
16 755
22 763
188
93
3 760
11 765
187
92
11 763
21 770
185
91
3 770
12 775
186
91
22 755
26 786
184
90
12 770
18 785
182
89
26 771
32 785
183
89
18 770
22 787
181
88
0 775
6 785
180
88
6 775
10 791
178
87
0 785
4 799
179
87
10 785
15 794
177
87
15 787
28 792
175
86
15 792
22 800
176
86
4 785
6 813
174
85
22 792
29 801
173
84
29 785
32 801
171
83
6 791
10 802
170
83
10 794
13 807
172
83
0 799
3 819
169
82
13 800
21 809
167
81
21 801
24 821
168
81
6 809
21 816
166
80
24 801
28 825
165
79
3 816
15 821
164
79
15 816
21 830
163
78
28 801
32 832
161
77
0 819
3 836
162
77
3 821
8 834
159
76
8 821
13 833
160
76
21 825
27 839
156
75
13 830
16 848
157
75
16 830
19 843
158
75
0 836
12 842
152
73
27 832
31 843
154
73
19 839
24 851
155
74
0 842
7 847
153
73
24 843
31 848
151
72
7 842
13 857
148
71
0 847
4 865
149
71
16 843
19 865
150
71
24 848
29 862
145
70
4 847
7 865
146
70
13 848
15 861
147
70
19 862
31 870
142
69
7 857
13 872
144
69
13 870
22 877
143
69
0 865
7 881
140
68
22 870
29 881
141
68
7 877
15 883
139
68
29 870
32 892
136
67
15 877
18 891
137
67
18 877
20 897
138
67
0 881
6 891
134
66
20 881
23 896
135
66
23 881
28 892
133
65
6 883
14 889
132
65
6 889
12 903
130
64
0 891
6 897
131
64
20 896
32 903
128
63
12 889
15 903
129
63
0 897
5 907
126
62
15 891
18 907
127
62
5 903
12 918
125
61
18 903
32 910
123
61
12 910
22 915
124
61
12 915
26 920
121
60
0 918
9 923
122
60
26 910
32 923
120
59
9 920
20 927
119
59
20 920
23 938
118
58
0 923
4 948
116
57
23 920
26 934
117
57
4 927
11 943
115
56
11 927
19 937
114
56
26 923
31 939
113
55
11 937
17 944
112
55
17 939
30 943
109
53
4 943
11 958
111
54
17 943
24 950
110
53
11 950
23 955
106
52
30 939
32 966
108
52
24 943
27 960
107
52
0 948
4 975
104
51
11 955
17 965
103
51
17 955
21 968
105
51
4 958
8 980
102
50
27 943
30 957
100
49
21 960
26 968
99
49
27 957
29 972
101
49
8 968
23 976
96
48
23 972
29 986
97
48
29 966
32 987
98
48
0 975
3 1005
95
47
8 976
13 991
94
47
13 976
16 996
92
46
16 976
18 1002
93
46
18 976
21 1000
91
45
21 987
30 993
90
45
3 996
15 1000
89
44
3 1002
19 1008
88
44
21 993
25 1012
86
43
25 993
30 1004
85
43
25 1004
29 1014
87
43
0 1008
7 1015
82
42
29 1004
32 1019
83
42
19 1000
21 1022
84
42
7 1008
9 1033
81
41
9 1008
16 1023
78
40
16 1008
19 1022
79
40
21 1012
23 1025
80
40
23 1014
29 1027
76
39
0 1015
6 1027
77
39
9 1023
16 1032
74
38
29 1019
31 1047
75
38
16 1027
24 1038
73
37
0 1033
8 1049
71
36
24 1027
28 1058
67
34
9 1032
15 1044
72
36
15 1038
21 1052
68
35
21 1038
24 1061
70
35
8 1044
13 1052
69
35
0 1052
12 1060
66
34
0 1060
14 1065
65
34
28 1047
32 1072
64
33
14 1052
21 1060
62
33
14 1060
19 1068
63
33
0 1065
10 1073
61
32
10 1068
21 1075
60
32
24 1058
28 1086
59
31
0 1075
11 1083
58
30
0 1083
16 1090
56
29
21 1061
24 1084
57
29
16 1075
21 1087
54
28
28 1072
30 1093
55
28
21 1086
27 1095
52
27
16 1087
20 1097
53
27
0 1090
13 1097
51
26
27 1093
32 1105
49
25
13 1090
15 1120
50
25
0 1097
12 1102
48
24
15 1097
23 1104
46
23
23 1095
26 1109
47
23
0 1102
2 1122
45
22
2 1102
7 1117
44
21
15 1104
23 1112
43
21
23 1109
31 1121
41
20
15 1112
22 1118
42
20
7 1102
13 1116
40
19
2 1117
13 1124
39
19
13 1121
26 1128
36
18
26 1121
32 1133
38
18
0 1124
7 1134
37
18
7 1128
17 1136
33
17
17 1128
23 1140
34
17
23 1128
26 1149
35
17
26 1133
32 1143
32
16
0 1134
7 1142
31
16
7 1140
21 1144
30
15
0 1144
14 1148
29
15
26 1143
29 1171
28
14
14 1144
22 1158
27
13
29 1143
32 1167
26
12
0 1148
11 1154
24
12
0 1154
5 1163
25
12
5 1158
16 1163
22
11
22 1149
24 1171
23
11
0 1163
8 1171
19
10
24 1149
26 1169
21
10
16 1158
22 1164
20
10
8 1163
14 1174
18
9
14 1164
20 1174
13
6
29 1167
32 1196
16
8
0 1171
3 1197
17
8
20 1164
22 1179
14
7
3 1174
16 1182
11
6
22 1171
29 1181
15
8
16 1181
24 1188
12
6
3 1182
11 1197
8
5
24 1181
28 1208
10
5
11 1188
18 1202
9
5
0 1197
9 1205
6
4
18 1188
24 1198
7
4
18 1198
24 1210
5
3
9 1202
17 1216
3
2
0 1205
8 1211
4
2
28 1196
32 1222
2
1
0 1216
12 1222
0
1
17 1210
24 1220
1
1
