32
0 0
6 15
242
100
6 0
12 6
243
100
12 0
16 8
244
100
16 0
25 8
240
99
25 0
28 15
238
98
6 6
11 21
241
99
28 0
31 5
239
98
28 5
32 27
237
97
11 8
15 16
235
96
15 15
28 23
234
96
0 15
3 30
236
96
3 21
11 29
233
95
11 16
14 34
232
94
14 23
18 36
230
94
18 23
22 28
231
94
22 23
25 51
227
93
25 23
28 35
228
93
3 29
9 36
229
94
28 27
32 33
226
93
18 28
22 48
224
92
9 29
11 53
220
90
0 30
2 56
225
92
28 33
30 58
221
91
2 36
7 46
223
92
11 36
18 43
222
92
30 33
32 64
218
88
25 35
28 50
219
89
11 48
22 53
216
88
2 46
7 54
215
87
7 53
14 59
217
88
14 53
28 59
213
86
2 54
5 73
214
86
5 59
13 73
210
85
13 59
16 88
211
85
0 56
2 73
212
85
16 59
28 64
209
84
16 64
23 72
208
83
23 64
26 89
206
82
26 64
30 78
205
82
30 64
32 77
207
82
16 72
23 86
204
81
0 73
3 78
203
80
3 73
6 99
201
79
6 73
13 84
199
79
30 77
32 93
202
79
6 84
12 88
200
79
0 78
3 101
197
78
16 86
23 91
196
78
26 78
28 89
198
78
6 88
11 98
194
77
11 88
16 95
195
77
23 89
29 98
191
76
16 91
23 98
190
76
11 95
15 104
193
76
6 98
11 103
192
76
29 93
32 124
188
75
15 98
18 123
189
75
18 98
29 104
186
75
0 101
4 112
187
75
4 103
7 130
185
74
18 104
29 110
182
73
7 103
10 115
184
73
10 104
14 111
183
73
18 110
22 123
178
72
22 110
25 126
179
72
25 110
28 125
180
72
10 111
13 122
181
72
7 123
20 129
175
71
20 126
29 131
176
71
0 112
3 122
177
71
0 122
4 136
174
70
7 129
12 134
173
70
29 124
32 150
170
69
12 129
19 140
169
69
4 130
7 146
171
69
19 131
21 136
172
69
21 131
24 154
168
68
7 140
17 147
167
67
0 147
8 152
166
66
8 147
15 154
165
65
24 131
29 140
164
64
15 147
21 153
163
64
24 140
27 146
162
63
24 150
32 160
161
62
0 154
10 159
160
62
15 153
19 167
158
61
10 154
14 167
159
61
19 154
24 160
157
61
0 159
3 190
154
60
3 159
5 176
156
60
5 159
8 166
155
60
19 160
22 178
153
59
22 160
29 166
150
59
5 166
9 173
151
59
22 166
26 172
152
59
5 173
17 179
149
58
29 160
32 190
148
57
3 179
16 184
146
57
17 178
26 183
147
57
16 183
24 198
144
56
26 166
29 183
145
56
3 184
14 191
143
55
0 191
12 196
141
54
24 183
26 213
140
53
0 196
7 203
136
52
26 183
29 207
137
52
29 190
32 201
138
52
12 191
15 223
135
51
15 198
22 205
134
51
7 196
10 211
133
50
0 203
6 209
131
50
15 205
22 210
130
50
26 207
30 215
132
50
0 209
6 215
128
49
15 210
23 223
125
48
6 211
10 242
129
49
23 213
26 219
139
53
10 196
12 217
142
54
30 201
32 216
127
48
23 219
32 223
124
48
0 215
3 220
126
48
10 223
21 229
122
47
0 220
4 228
123
47
21 223
28 229
121
46
10 229
18 241
118
45
0 228
6 240
119
45
28 223
31 231
120
45
18 229
27 236
117
44
18 236
28 242
116
44
28 231
31 251
115
43
0 240
5 250
114
43
10 241
17 254
112
42
5 242
8 269
113
42
17 242
27 248
110
42
17 248
27 253
111
42
0 250
4 280
109
41
17 253
25 258
108
41
8 258
21 264
105
40
21 258
29 265
106
40
29 251
31 276
107
40
8 264
15 270
103
39
15 264
20 272
104
39
20 265
24 293
102
38
4 270
14 277
101
38
24 265
29 278
98
37
14 272
16 295
100
37
16 272
19 287
99
37
4 277
11 282
97
37
24 278
32 294
96
36
11 277
14 286
95
35
0 280
3 305
94
34
3 282
9 288
93
34
16 294
30 299
92
33
9 286
13 311
91
32
13 299
26 306
90
32
13 306
25 310
86
31
3 288
7 311
89
31
13 310
21 320
87
31
26 299
32 306
88
31
25 306
29 312
85
30
7 288
9 317
84
29
0 305
3 323
83
29
21 312
29 318
81
29
3 317
11 322
82
29
29 306
31 336
79
28
11 320
23 324
77
28
0 323
9 328
78
28
23 318
25 330
80
28
25 318
28 343
75
27
9 324
15 328
74
27
15 324
18 328
76
27
0 328
8 340
71
26
8 328
19 334
70
26
19 324
23 331
72
26
19 331
22 359
69
25
8 334
13 338
68
25
23 330
25 342
65
23
0 340
12 345
66
24
13 334
18 340
67
25
28 336
31 368
73
26
12 340
15 368
64
22
22 343
28 356
61
22
0 345
5 353
63
22
5 345
10 354
62
22
15 340
17 370
60
21
0 354
6 362
58
21
6 354
12 361
59
21
22 356
25 381
57
20
25 356
28 371
55
19
17 359
21 367
53
19
6 361
9 370
56
19
0 362
4 368
54
19
0 370
10 378
51
18
10 370
22 376
49
18
10 376
22 381
50
18
25 371
30 377
52
18
0 378
10 384
45
17
30 368
32 390
48
17
25 377
28 406
46
17
10 381
13 393
47
17
13 381
25 388
41
16
28 377
30 405
44
16
0 384
3 399
42
16
3 384
10 390
36
14
13 388
16 401
43
16
16 388
23 396
38
15
23 388
25 407
40
15
3 393
11 408
35
14
16 396
19 410
37
14
19 396
22 418
39
15
11 401
15 430
34
13
0 408
11 415
33
13
28 405
32 418
26
11
22 407
28 421
31
12
15 410
18 431
32
12
0 415
7 421
30
12
7 415
10 433
28
11
18 418
21 433
29
11
28 418
32 424
27
11
0 421
4 448
24
10
4 421
7 447
25
10
21 424
29 430
23
10
21 430
28 436
22
9
7 433
18 439
19
8
18 436
29 440
20
8
7 439
11 444
21
8
29 424
32 455
16
7
11 440
22 446
15
7
22 440
25 456
17
7
25 440
29 465
14
6
7 446
17 453
13
6
17 446
21 461
11
5
4 447
6 470
18
7
6 453
16 458
9
5
6 458
13 463
10
5
13 461
25 468
8
4
6 463
12 470
6
3
0 448
2 459
7
3
2 448
4 468
12
5
12 468
25 473
3
2
25 465
29 484
1
1
29 455
31 484
2
1
0 470
6 482
0
1
6 473
15 480
4
2
15 473
24 480
5
2
