24
0 0
3 10
155
50
3 0
8 5
154
50
8 0
14 7
149
49
14 0
18 7
150
49
18 0
21 7
152
49
21 0
24 7
151
49
3 5
5 10
153
49
5 5
8 11
156
50
8 7
13 14
146
48
13 7
16 15
148
48
16 7
18 12
145
47
18 7
22 27
147
48
0 10
4 27
142
46
22 7
24 17
143
46
4 11
6 15
144
46
4 15
16 19
141
45
4 19
8 43
139
44
8 19
12 27
140
44
8 27
19 32
135
43
22 17
24 29
138
43
0 27
4 32
136
43
19 27
22 32
137
43
0 32
4 43
132
42
8 32
18 36
131
42
22 29
24 36
134
42
18 32
21 36
133
42
8 36
10 54
130
41
10 36
15 42
128
41
15 36
19 41
129
41
19 36
23 48
126
40
10 42
15 46
125
40
15 41
17 50
127
40
0 43
3 66
124
39
17 48
23 58
121
39
3 43
7 54
122
39
10 46
14 56
123
39
3 56
14 61
118
38
14 50
17 63
120
38
17 58
22 64
119
38
3 63
15 71
115
37
15 64
18 75
116
37
22 58
24 64
117
37
18 64
21 86
111
36
0 71
5 80
110
36
21 64
24 75
112
36
5 71
7 82
114
36
7 71
10 78
113
36
7 78
16 85
106
35
0 82
6 87
107
35
16 75
18 85
108
35
21 75
23 82
109
35
6 85
17 92
103
34
21 82
24 101
105
34
0 87
6 93
104
34
17 86
21 104
100
33
6 92
10 101
101
33
10 92
15 97
99
33
0 93
4 99
102
33
0 101
9 108
96
32
10 97
14 108
97
32
15 92
17 98
98
32
14 98
17 114
93
31
21 101
24 116
94
31
17 104
21 114
91
31
0 108
2 127
95
31
2 108
6 113
92
31
6 108
11 112
89
30
11 108
13 115
90
30
2 115
13 123
85
29
13 114
21 119
86
29
13 119
18 124
87
29
21 116
24 122
88
29
18 122
24 129
84
28
2 123
13 129
79
27
13 124
18 131
80
27
0 129
4 137
82
27
4 129
9 135
81
27
9 129
13 135
83
27
18 129
22 143
76
26
13 131
16 143
78
26
4 135
8 144
77
26
8 135
13 140
75
26
8 143
17 149
72
25
0 137
4 142
73
25
22 129
24 134
74
25
17 143
22 153
69
24
22 134
24 142
70
24
0 142
2 149
71
24
0 149
10 154
66
23
10 149
17 153
67
23
10 153
14 158
68
23
14 153
18 165
63
22
18 153
21 160
64
22
22 142
24 149
65
22
0 154
9 160
59
21
9 158
13 170
60
21
21 153
24 163
62
21
0 160
4 170
57
20
18 163
24 173
53
19
4 160
7 184
61
21
7 160
9 180
58
20
9 170
15 180
54
19
15 165
18 180
56
19
0 170
4 176
55
19
7 180
14 187
52
18
18 173
21 195
50
17
0 176
4 187
49
17
21 173
24 185
51
17
0 187
5 192
48
17
5 187
14 193
43
16
14 180
18 189
44
16
21 185
24 192
45
16
14 189
16 199
46
16
16 189
18 195
47
16
0 192
3 211
42
15
3 193
8 200
41
15
8 193
13 199
38
14
21 192
24 201
39
14
16 195
18 199
40
14
18 195
21 218
36
13
8 199
17 205
34
13
3 200
8 206
35
13
21 201
24 224
32
12
8 205
10 210
37
13
10 205
14 221
31
12
3 206
8 212
30
12
14 205
17 213
33
12
0 211
3 222
27
11
3 212
6 223
26
11
6 212
9 216
29
11
14 213
17 222
28
11
6 216
8 238
25
10
17 218
21 238
22
9
8 221
11 244
24
9
11 222
17 229
20
9
0 223
5 231
21
9
11 229
15 238
23
9
11 238
20 244
19
8
0 231
5 242
14
7
21 224
24 236
17
7
20 238
24 247
16
7
0 242
5 247
15
7
5 238
7 247
18
7
7 244
13 251
11
6
13 244
16 252
12
6
16 244
18 249
13
6
18 244
20 265
10
5
0 247
4 256
8
5
4 247
7 255
9
5
20 247
23 259
6
4
7 251
10 257
7
4
10 251
13 262
3
3
13 252
18 262
2
2
0 256
5 267
5
4
5 257
8 263
4
3
8 262
18 267
0
1
20 259
24 267
1
1
