24
0 0
9 6
232
75
9 0
14 10
233
75
14 0
16 5
235
75
16 0
20 10
234
75
20 0
24 4
231
74
0 6
8 12
230
74
20 4
23 17
226
73
8 10
11 20
227
73
11 10
14 16
228
73
14 5
16 13
229
73
16 10
20 30
220
71
0 12
6 18
223
72
11 16
15 22
224
72
0 18
7 24
218
71
20 17
24 25
225
73
7 22
13 29
219
71
13 22
16 29
221
71
0 24
3 28
222
71
3 24
6 28
217
70
0 29
9 36
214
69
9 30
17 36
215
69
0 36
11 40
213
69
20 25
22 34
216
69
17 30
20 38
211
68
11 38
22 44
205
67
0 40
3 55
208
67
3 40
11 46
210
68
22 25
24 41
212
68
11 44
15 68
206
67
15 44
19 50
207
67
19 44
22 49
209
67
3 46
9 50
204
66
0 55
11 63
203
65
22 41
24 59
202
64
15 50
20 57
199
64
15 57
18 68
201
64
18 57
22 65
200
64
0 63
3 70
198
63
3 63
9 70
195
62
9 68
16 74
194
62
18 65
22 69
196
63
0 70
9 77
191
61
16 69
19 83
192
61
19 69
22 89
197
63
22 59
24 73
193
61
9 74
13 87
187
60
0 77
5 85
186
60
13 74
16 83
190
60
5 77
9 82
189
60
5 82
9 87
188
60
13 83
17 104
183
59
0 87
7 91
181
59
7 87
10 96
185
59
17 89
22 94
182
59
10 87
13 100
179
58
22 73
24 79
180
58
0 91
4 96
178
58
17 94
21 99
184
59
0 96
4 101
177
57
0 101
12 107
174
56
22 79
24 102
176
56
17 99
22 104
175
56
12 104
17 116
171
55
17 104
20 121
172
55
0 107
9 111
170
55
20 104
23 110
173
55
9 107
12 123
168
54
0 111
5 120
165
54
20 110
23 129
158
51
5 111
9 121
166
54
12 116
16 122
167
54
0 120
4 132
164
53
12 122
18 128
161
53
4 121
7 130
169
54
7 123
12 128
163
53
7 128
13 132
162
53
13 128
18 133
159
52
18 121
20 133
160
52
20 129
24 134
155
49
0 132
6 140
157
50
6 132
12 137
153
49
12 133
16 138
154
49
16 133
19 137
156
49
16 137
24 144
150
48
6 137
9 153
151
48
9 137
11 143
152
48
9 144
18 149
149
48
9 149
17 154
146
47
0 140
5 147
147
47
18 144
21 155
148
47
0 147
5 154
142
46
0 154
5 160
143
46
5 153
9 159
144
46
21 144
23 152
145
46
9 154
16 160
137
45
16 155
23 161
138
45
5 159
7 177
140
45
7 159
9 173
141
45
0 160
4 166
139
45
9 161
19 168
132
44
9 168
16 174
133
44
19 161
21 179
135
44
0 166
4 175
134
44
21 161
23 169
136
44
7 174
17 178
128
43
0 178
8 183
129
43
21 169
24 182
130
43
8 178
11 187
131
43
11 178
19 186
125
42
19 182
22 201
126
42
0 183
3 200
127
42
3 187
12 193
123
41
12 186
15 198
124
41
15 186
19 208
122
40
3 193
12 199
118
40
3 199
8 208
120
40
8 199
13 205
121
40
8 205
14 210
119
40
22 182
24 200
117
39
0 200
3 211
116
39
19 201
23 209
115
39
3 208
7 216
114
38
14 209
23 215
109
37
7 210
12 220
112
37
12 215
21 220
110
37
0 216
6 222
111
37
6 220
10 226
113
37
21 215
24 226
107
36
10 220
13 224
108
36
13 220
18 231
105
35
0 222
4 227
106
35
0 227
11 234
101
34
18 226
22 231
102
34
11 231
14 237
103
34
14 231
17 237
104
34
0 234
8 239
100
33
8 237
18 241
99
33
18 231
22 245
95
32
0 239
8 245
94
32
8 241
12 251
96
32
12 241
15 246
98
32
22 226
24 242
93
31
0 245
4 251
92
31
4 245
8 267
91
31
15 241
18 252
97
32
8 252
19 257
88
30
22 242
24 259
89
30
19 245
21 256
90
30
0 251
3 273
86
29
8 257
16 264
83
29
16 259
23 265
84
29
8 264
12 273
85
29
12 264
15 271
87
29
15 265
18 289
80
28
18 265
21 285
81
28
21 265
24 282
82
28
3 267
8 274
79
28
0 274
9 282
77
27
9 273
13 280
78
27
9 280
15 289
75
26
0 282
3 291
76
26
3 282
6 291
74
25
6 282
9 302
73
24
18 285
22 296
70
24
9 289
15 295
69
24
0 291
4 296
72
24
22 282
24 303
68
23
15 289
18 296
67
23
9 295
13 303
71
24
4 291
6 295
66
22
0 296
4 313
61
21
13 296
16 312
63
21
16 296
19 306
65
22
4 302
8 323
60
21
8 303
12 308
62
21
19 296
21 302
64
21
8 312
18 319
55
20
19 303
24 315
58
20
18 315
24 322
57
20
8 319
18 323
56
20
0 313
3 321
59
20
0 321
3 333
54
19
18 322
23 328
53
19
3 323
7 344
52
18
7 323
17 331
50
18
7 331
15 338
51
18
17 328
21 332
49
17
15 332
19 340
47
16
19 332
23 337
48
16
0 333
3 351
46
15
19 337
24 347
44
15
7 338
14 345
42
15
3 345
9 351
43
15
14 340
18 352
45
15
0 351
12 359
38
14
18 347
24 354
39
14
12 352
15 364
34
12
15 352
18 362
40
14
18 354
21 359
41
14
0 359
4 369
36
13
21 354
24 359
37
13
4 359
10 370
32
12
18 359
22 368
33
12
10 359
12 370
35
12
12 364
18 372
28
11
18 368
21 379
31
11
0 370
5 376
29
11
5 370
9 377
30
11
21 368
24 390
27
10
0 377
11 382
26
10
11 372
17 383
22
9
17 379
19 401
25
9
0 382
6 387
23
9
6 382
10 386
24
9
10 383
13 400
19
8
0 387
7 394
17
8
19 379
21 387
20
8
13 383
15 389
21
8
7 386
10 400
15
7
13 389
16 395
16
7
19 387
21 396
13
6
21 390
24 412
12
6
0 394
2 400
14
6
2 394
5 417
18
8
13 395
17 401
11
5
5 400
9 408
10
5
9 400
13 407
8
4
19 396
21 400
9
4
0 400
2 413
7
3
13 401
16 414
4
2
5 408
11 413
6
3
19 400
21 417
5
2
5 413
9 419
3
2
16 401
19 420
0
1
21 412
24 420
1
1
11 407
13 414
2
1
