29
0 0
7 11
57
32
7 0
18 4
56
32
18 0
20 27
50
28
20 0
28 11
53
30
7 4
12 14
54
30
12 4
18 19
55
31
0 11
3 40
52
29
20 11
26 19
51
29
3 11
7 23
58
32
7 19
14 34
49
28
14 27
26 35
47
27
3 23
7 43
48
27
7 35
21 42
45
26
26 11
29 40
46
26
7 42
20 47
42
25
21 35
23 51
43
25
23 35
25 50
44
25
0 47
13 52
39
24
25 40
29 56
41
24
13 47
20 55
40
24
0 52
7 62
37
23
20 51
24 62
38
23
7 55
14 69
35
22
0 62
7 76
34
22
14 55
19 69
36
22
24 56
29 66
33
21
7 69
21 73
32
20
7 73
23 80
30
19
0 80
9 86
31
19
9 80
16 86
29
18
23 66
28 75
28
17
16 80
23 95
27
16
0 86
14 92
25
15
0 92
8 99
26
15
8 95
23 100
23
14
23 75
29 84
24
14
23 84
29 97
21
13
23 97
28 110
22
13
0 100
14 104
20
12
14 100
22 105
18
11
0 104
6 108
19
11
6 104
9 127
17
10
9 104
11 130
15
8
11 104
14 124
16
9
14 105
21 117
13
8
0 108
6 116
14
8
21 110
29 119
10
7
0 116
5 130
11
7
14 117
18 127
12
7
18 119
26 135
9
6
0 130
14 134
7
5
0 134
8 148
4
3
8 134
16 139
8
5
16 135
28 140
5
4
8 139
14 155
3
2
14 140
20 153
6
4
20 140
25 155
1
1
0 148
8 156
0
1
25 140
29 156
2
1
