22
0 0
2 21
86
32
2 0
4 18
85
31
4 0
10 5
83
31
10 0
14 6
84
31
14 0
17 14
82
30
4 5
10 11
79
30
17 0
20 22
81
30
10 6
14 11
80
30
20 0
22 21
78
29
4 11
13 17
73
28
13 14
16 25
74
28
4 17
7 26
75
28
7 17
13 24
70
27
2 18
4 27
76
28
16 22
22 30
66
25
0 21
2 28
77
28
7 24
10 30
69
26
10 25
15 33
71
27
4 26
7 46
72
27
7 33
15 38
65
25
15 30
21 36
67
25
0 28
3 35
68
25
7 38
15 42
61
24
0 35
4 42
63
24
15 36
19 43
62
24
19 36
21 43
64
24
0 42
3 62
58
23
7 42
14 48
57
23
14 43
19 47
56
22
19 43
22 51
59
23
3 46
6 52
60
23
14 47
19 53
55
22
6 48
9 61
54
21
9 48
13 53
53
20
19 51
22 55
50
19
9 53
13 59
52
20
13 53
19 63
46
18
3 52
5 62
51
19
9 59
13 70
48
18
0 62
6 68
47
18
13 63
17 72
41
17
19 55
22 68
43
17
6 61
9 70
49
18
0 68
4 75
42
17
17 63
19 76
44
17
4 68
6 79
45
17
19 68
22 82
40
16
6 72
15 77
38
16
6 77
11 83
39
16
11 77
16 89
35
15
0 75
3 79
37
15
16 76
19 80
36
15
0 79
6 85
31
14
16 80
19 85
34
14
19 82
22 87
33
14
6 83
9 94
32
14
9 89
19 97
30
14
0 85
6 96
27
13
19 87
22 94
29
13
0 96
4 101
28
13
4 96
8 117
25
12
19 94
22 116
26
12
8 97
19 102
22
11
0 101
4 106
23
11
8 102
10 111
24
11
10 102
13 108
21
10
13 102
16 113
20
9
8 113
19 118
18
8
0 106
4 117
19
8
0 117
5 124
17
7
5 118
11 127
13
6
11 118
16 128
14
6
19 116
22 124
15
6
16 118
18 123
16
6
16 123
19 133
12
5
0 127
11 134
9
4
19 124
22 135
11
4
11 128
15 135
10
4
15 133
18 155
6
3
0 134
6 139
5
3
6 134
9 142
7
3
9 134
11 141
8
3
11 135
15 143
4
2
0 142
10 149
0
1
0 149
9 155
1
1
10 143
15 153
2
1
18 135
22 147
3
1
