12
0 0
7 12
75
16
0 12
8 20
74
16
0 20
7 28
76
16
8 0
12 10
79
16
0 28
8 31
71
16
8 10
11 17
78
16
11 10
12 19
72
16
0 31
7 32
73
16
8 17
9 20
77
16
0 32
8 36
70
15
0 36
5 47
66
14
9 19
12 27
67
14
8 27
12 32
68
14
8 32
10 41
69
14
5 41
11 46
64
13
5 46
8 49
65
13
8 46
11 53
63
12
0 49
8 58
60
11
0 58
6 66
59
11
6 58
11 64
61
11
6 64
12 66
62
11
0 66
7 77
58
10
0 77
7 84
57
10
7 66
11 69
56
10
0 84
7 96
48
9
0 96
6 103
52
9
7 69
10 80
47
9
0 103
7 107
50
9
0 107
7 119
39
8
7 80
11 85
54
9
7 85
9 94
53
9
11 66
12 70
49
9
9 85
12 86
55
9
0 119
8 130
41
8
9 86
12 94
51
9
0 130
5 141
45
8
8 94
12 105
42
8
8 105
12 115
46
8
8 115
12 125
44
8
8 125
11 137
40
8
0 141
8 153
31
7
8 137
11 141
38
8
8 141
11 152
43
8
0 153
6 165
37
7
6 153
11 164
34
7
6 164
11 174
36
7
0 174
7 178
30
7
0 178
8 181
33
7
8 174
10 177
35
7
8 177
11 178
32
7
8 178
12 189
25
6
0 181
4 189
28
6
0 189
7 191
27
6
7 181
8 190
26
6
8 189
12 191
29
6
0 191
6 202
23
5
6 191
12 199
24
5
6 199
10 210
20
4
10 199
12 210
22
4
0 202
5 203
21
4
0 203
6 215
12
3
0 215
7 225
15
3
0 225
8 233
17
3
8 210
12 218
13
3
8 218
12 223
16
3
8 223
10 229
18
3
10 223
12 228
19
3
10 228
11 229
14
3
0 233
8 240
4
2
0 240
5 248
10
2
8 229
11 239
5
2
0 248
8 250
6
2
8 239
10 246
11
2
10 239
12 240
7
2
8 246
11 248
8
2
11 240
12 248
9
2
8 248
11 258
0
1
0 250
3 260
3
1
3 258
9 261
1
1
11 248
12 259
2
1
