12
0 0
7 12
59
12
0 12
7 24
58
12
0 24
7 26
57
12
7 0
10 1
56
12
0 26
8 33
51
11
0 33
7 40
54
11
7 33
12 41
55
11
0 40
6 45
53
11
6 41
12 53
43
10
0 45
6 48
49
11
0 48
1 57
50
11
1 48
4 56
52
11
4 53
12 61
46
10
0 61
6 72
38
9
6 61
9 71
45
10
9 61
11 67
48
10
9 67
12 71
44
10
0 72
8 83
40
9
8 71
11 74
47
10
0 83
8 85
39
9
8 74
11 84
37
9
0 85
5 91
42
9
11 71
12 79
41
9
5 85
11 93
35
8
0 91
3 101
36
8
3 93
10 105
34
7
0 105
5 116
33
7
5 105
8 116
27
6
11 79
12 83
29
6
8 105
12 110
31
6
0 116
8 120
32
6
0 120
7 121
28
6
8 110
12 115
30
6
0 121
7 129
26
5
8 115
12 126
25
5
0 129
6 137
18
4
7 126
9 129
22
4
9 126
12 128
23
4
9 128
10 129
20
4
6 129
9 137
24
4
9 129
12 141
21
4
0 137
8 140
19
4
0 140
8 148
17
3
0 148
5 158
16
3
8 141
12 152
11
3
5 152
9 160
15
3
0 160
7 164
12
3
7 160
11 163
14
3
11 152
12 161
13
3
0 164
8 173
8
2
8 163
12 171
9
2
8 171
10 178
10
2
10 171
11 182
7
2
0 173
8 185
0
1
0 185
7 195
5
1
7 185
12 196
4
1
0 195
7 199
6
1
0 199
8 202
1
1
8 196
11 203
2
1
0 202
2 203
3
1
