12
0 0
5 11
119
24
5 0
9 10
117
24
9 0
12 10
115
24
5 10
7 21
118
24
7 10
9 17
116
24
0 21
7 31
108
23
7 17
12 26
114
23
0 31
6 38
111
23
0 38
7 42
109
23
7 26
10 34
110
23
7 34
10 41
113
23
0 42
6 44
112
23
10 26
11 27
107
23
6 42
12 54
104
22
0 44
6 56
102
22
6 54
12 62
101
22
0 56
6 63
105
22
6 62
11 63
106
22
0 63
3 64
103
22
3 63
7 68
100
21
0 68
7 80
95
20
0 80
7 92
94
20
7 63
11 75
98
20
7 75
10 81
99
20
11 62
12 70
96
20
11 70
12 73
97
20
0 92
8 95
90
19
8 81
11 88
91
19
0 95
6 97
93
19
11 73
12 77
92
19
0 97
7 104
89
18
0 104
6 112
87
18
0 112
8 115
88
18
0 115
8 126
78
17
0 126
7 134
79
17
0 134
6 143
83
17
0 143
7 150
77
17
7 126
12 135
82
17
7 135
11 146
80
17
0 150
7 156
84
17
7 146
12 152
85
17
7 152
12 157
86
17
0 156
1 167
81
17
1 157
8 158
76
17
1 158
8 169
74
16
0 169
5 180
73
16
8 157
12 167
75
16
5 169
10 175
70
15
10 167
12 171
72
15
5 175
12 179
71
15
0 180
8 189
62
14
0 189
5 200
68
14
8 179
12 187
69
14
0 200
8 204
66
14
8 187
12 195
64
14
8 195
11 203
63
14
0 204
7 206
65
14
7 204
12 205
67
14
0 206
7 218
60
13
7 205
10 216
61
13
0 218
6 221
59
13
0 221
8 232
58
12
0 232
8 242
57
12
0 242
6 253
51
12
0 253
8 261
55
12
8 216
11 227
52
12
0 261
7 265
50
12
11 205
12 214
53
12
8 227
10 230
54
12
11 214
12 217
56
12
0 265
8 277
45
11
0 277
6 284
49
11
8 230
11 234
46
11
8 234
11 237
48
11
8 237
10 238
47
11
6 277
12 282
40
10
0 284
8 287
43
10
8 282
12 287
42
10
0 287
4 292
41
10
4 287
6 292
44
10
6 287
10 295
37
9
0 292
3 294
38
9
10 287
11 289
39
9
0 294
5 299
36
8
5 295
8 302
33
8
10 289
12 298
32
8
8 298
12 301
31
8
0 299
4 301
34
8
4 299
5 300
35
8
0 302
6 313
30
7
6 302
11 313
29
7
0 313
6 317
26
6
6 313
8 319
25
6
11 301
12 312
24
6
8 313
10 317
27
6
0 317
6 318
28
6
0 319
8 327
18
5
0 327
6 336
22
5
8 317
12 328
21
5
6 328
10 339
19
5
0 336
6 341
20
5
6 339
9 347
23
5
0 347
7 356
17
4
7 347
12 357
15
4
0 356
2 361
16
4
2 357
10 364
10
3
0 364
3 374
8
3
3 364
7 375
7
3
0 375
6 383
14
3
10 357
12 366
11
3
7 364
8 373
9
3
8 364
10 368
13
3
8 368
11 369
12
3
0 383
7 395
6
2
7 373
12 383
5
2
7 383
11 393
4
2
7 393
12 401
3
1
0 395
3 407
2
1
3 395
6 405
0
1
3 405
11 407
1
1
