12
0 0
3 10
39
8
3 0
10 4
37
8
10 0
11 9
38
8
3 4
8 15
35
7
0 15
5 26
31
7
8 9
11 21
36
7
5 15
8 23
33
7
8 21
12 24
34
7
5 24
12 25
32
7
0 26
8 28
30
6
0 28
8 40
21
5
0 40
7 52
29
5
0 52
7 64
27
5
8 25
11 36
22
5
8 36
12 44
24
5
0 64
6 76
20
5
6 64
12 72
19
5
6 72
12 77
28
5
0 76
3 86
23
5
3 77
11 80
25
5
11 77
12 78
26
5
3 80
10 92
17
4
0 92
8 99
15
4
0 99
6 102
13
4
0 102
7 104
16
4
11 78
12 89
14
4
10 80
11 84
18
4
0 104
6 112
12
3
8 92
11 102
11
3
0 112
8 121
9
2
8 102
12 110
10
2
0 121
8 124
7
2
8 110
11 111
8
2
0 124
6 135
1
1
0 135
8 143
6
1
8 111
12 122
0
1
8 122
11 129
4
1
8 129
11 133
2
1
11 122
12 131
3
1
8 133
10 134
5
1
