12
0 0
7 12
39
8
0 12
7 13
38
8
0 13
8 22
35
7
8 0
11 10
36
7
0 22
7 24
37
7
0 24
7 36
32
6
0 36
6 41
34
6
8 10
11 18
31
6
6 36
12 39
30
6
6 39
8 40
33
6
6 40
12 48
27
5
0 48
8 51
26
5
8 48
12 51
29
5
0 51
1 62
28
5
1 51
9 53
22
4
1 53
6 64
24
4
6 53
12 61
15
4
6 61
10 69
23
4
0 64
3 74
16
4
3 64
6 74
25
4
0 74
7 78
17
4
0 78
6 89
18
4
10 61
11 70
19
4
11 61
12 70
21
4
7 69
10 70
20
4
0 89
8 101
9
3
0 101
5 112
10
3
8 70
12 81
8
3
8 81
11 93
14
3
8 93
11 100
11
3
5 101
12 113
7
2
0 112
1 116
13
3
1 112
5 120
12
3
5 113
11 125
2
2
0 125
8 133
6
2
8 125
11 136
3
2
0 133
8 136
4
2
11 113
12 114
5
2
0 136
8 143
1
1
8 136
11 140
0
1
