12
0 0
4 10
99
20
4 0
6 9
98
20
4 9
12 11
96
20
0 10
2 11
97
20
0 11
7 23
91
19
7 11
11 23
95
19
0 23
6 31
89
19
11 11
12 20
90
19
6 23
9 34
93
19
9 23
11 32
94
19
0 31
6 38
92
19
0 38
7 50
84
18
0 50
7 62
85
18
0 62
7 69
86
18
0 69
6 76
87
18
0 76
7 80
83
18
9 32
11 36
88
18
7 36
12 46
79
17
0 80
7 84
80
17
7 46
9 57
82
17
9 46
10 54
81
17
7 57
11 68
76
16
0 84
6 88
78
16
7 68
10 69
77
16
0 88
7 99
73
15
0 99
6 110
70
15
0 110
7 117
71
15
7 69
12 77
72
15
7 77
10 84
74
15
10 77
12 81
75
15
7 84
12 95
69
14
0 117
8 120
68
14
0 120
8 130
67
13
0 130
7 138
65
13
0 138
6 141
64
13
8 95
10 101
66
13
8 101
12 112
63
12
8 112
12 122
61
11
8 122
11 129
57
11
7 130
12 136
59
11
7 136
11 141
60
11
0 141
6 146
58
11
6 141
10 143
62
11
6 143
12 155
56
10
0 155
8 166
54
9
8 155
9 166
55
9
0 166
5 177
48
8
5 166
11 178
46
8
0 178
8 187
47
8
11 155
12 164
53
9
0 187
6 196
52
8
8 178
12 189
50
8
6 189
9 196
51
8
0 196
4 201
49
8
4 196
9 205
44
7
9 189
12 201
42
7
0 201
3 211
41
7
9 201
12 211
39
7
0 211
8 214
43
7
8 211
10 216
45
7
10 211
11 215
40
7
0 214
4 217
35
6
4 214
7 217
38
6
7 216
10 218
37
6
10 215
12 218
36
6
0 217
7 227
30
5
7 218
10 229
28
5
10 218
11 221
34
5
0 227
7 231
33
5
7 229
10 237
31
5
0 231
4 239
29
5
4 231
7 232
32
5
4 237
10 248
27
4
0 248
8 256
23
4
0 256
5 267
22
4
5 256
11 261
26
4
5 261
8 271
18
4
8 261
11 269
21
4
0 267
3 271
19
4
3 267
5 272
24
4
5 271
12 272
20
4
0 271
1 274
25
4
1 272
9 280
14
3
0 280
6 288
11
3
6 280
12 287
17
3
6 287
10 297
16
3
10 287
11 298
12
3
0 288
5 289
15
3
11 287
12 288
13
3
0 289
4 297
9
2
0 297
8 300
7
2
8 297
10 304
10
2
0 300
7 302
8
2
0 302
8 314
0
1
0 314
7 323
6
1
0 323
8 330
1
1
0 330
8 334
3
1
8 304
12 309
2
1
0 334
6 336
4
1
8 309
9 310
5
1
