12
0 0
5 5
198
40
5 0
9 5
196
40
9 0
12 3
197
40
9 3
12 5
199
40
0 5
4 17
195
39
4 5
7 13
194
39
7 5
10 6
193
39
4 13
11 25
190
38
0 17
4 28
192
38
4 25
6 26
191
38
4 26
12 36
188
37
0 36
6 47
184
37
0 47
8 54
179
37
0 54
5 65
182
37
5 54
10 63
183
37
5 63
8 74
181
37
8 63
12 71
180
37
0 65
4 71
185
37
4 65
5 73
187
37
0 71
4 73
186
37
8 71
9 72
189
37
0 74
6 85
176
36
8 72
12 83
175
36
6 74
8 80
177
36
6 83
10 84
178
36
6 84
11 95
172
35
0 85
4 93
173
35
0 93
3 103
170
35
11 83
12 91
174
35
4 85
5 86
171
35
3 95
9 97
168
34
11 91
12 98
169
34
3 97
9 98
167
34
3 98
10 105
165
33
0 105
4 116
163
33
4 105
7 117
162
33
7 105
10 116
164
33
0 116
3 125
166
33
7 116
12 127
158
32
3 117
7 127
159
32
0 127
6 133
161
32
6 127
12 132
160
32
6 132
8 143
157
31
8 132
9 141
156
31
9 132
12 133
155
31
0 133
1 142
154
30
1 133
4 135
153
30
4 133
5 134
152
30
0 143
7 153
151
29
0 153
6 161
150
29
6 153
12 160
149
29
6 160
12 165
147
29
0 161
1 170
146
29
1 161
2 164
148
29
1 165
9 175
140
28
0 175
4 187
145
28
4 175
8 186
142
28
9 165
12 173
144
28
9 173
10 181
143
28
10 173
11 176
141
28
4 186
9 196
136
27
0 196
5 202
139
27
10 176
12 187
138
27
5 196
9 201
137
27
5 201
12 205
132
26
0 205
8 208
133
26
8 205
12 208
135
26
0 208
2 213
134
26
2 208
7 219
128
25
0 219
6 228
131
25
6 219
12 226
130
25
0 228
8 231
129
25
0 231
6 234
127
25
6 231
11 240
125
24
0 240
7 244
126
24
0 244
7 248
123
24
11 226
12 234
124
24
7 240
12 250
120
23
0 248
2 257
118
23
2 248
3 259
117
23
3 248
4 258
121
23
4 248
6 252
119
23
6 248
7 251
122
23
4 252
12 264
111
22
0 264
8 275
113
22
0 275
8 286
114
22
0 286
7 296
112
22
7 286
12 295
115
22
0 296
6 298
116
22
0 298
7 310
108
21
0 310
8 318
110
21
0 318
5 323
107
21
5 318
11 319
109
21
5 319
11 329
105
20
0 323
5 332
103
20
5 329
8 335
104
20
8 329
11 340
100
20
0 332
3 340
101
20
3 335
8 343
106
20
0 340
2 345
102
20
2 343
7 353
98
19
0 353
7 360
97
19
0 360
8 364
95
19
0 364
7 366
94
19
8 340
12 342
99
19
8 342
12 344
96
19
0 366
8 374
87
18
0 374
8 377
88
18
8 344
11 351
90
18
0 377
5 379
92
18
8 351
10 356
89
18
11 344
12 353
86
18
8 356
12 358
93
18
8 358
9 360
91
18
9 358
12 368
81
17
8 368
12 375
83
17
5 377
10 382
85
17
0 382
8 385
84
17
0 385
8 387
82
17
0 387
8 398
77
16
0 398
6 410
79
16
0 410
7 419
78
16
0 419
7 423
80
16
0 423
6 435
73
15
0 435
7 442
76
15
8 382
11 392
74
15
11 375
12 381
75
15
0 442
8 451
67
14
0 451
8 458
72
14
8 392
12 402
69
14
0 458
6 462
70
14
8 402
11 408
71
14
11 402
12 406
68
14
6 458
12 466
59
13
0 462
6 469
62
13
6 466
11 472
61
13
0 469
5 474
65
13
5 472
8 479
60
13
8 472
12 477
63
13
0 474
5 478
66
13
8 477
9 479
64
13
0 479
8 489
57
12
0 489
7 493
56
12
0 493
6 496
58
12
0 496
8 507
54
11
0 507
5 517
55
11
9 477
12 489
53
11
8 489
12 497
51
11
5 507
12 508
50
11
5 508
11 509
52
11
5 509
12 521
41
10
0 521
6 533
44
10
0 533
7 540
42
10
7 521
12 529
43
10
7 529
10 540
47
10
10 529
12 536
49
10
0 540
3 544
48
10
3 540
6 544
40
10
0 544
8 545
46
10
0 545
5 546
45
10
5 545
11 553
37
9
0 546
3 553
38
9
3 546
5 550
39
9
0 553
7 564
33
8
0 564
8 571
35
8
0 571
7 579
31
8
0 579
6 588
34
8
8 553
10 562
32
8
11 536
12 548
36
8
0 588
8 596
28
7
0 596
7 602
29
7
0 602
8 605
27
7
10 553
12 561
30
7
0 605
8 611
26
6
0 611
8 612
23
6
0 612
6 613
25
6
6 612
11 613
24
6
0 613
3 621
19
5
3 613
7 616
21
5
3 616
9 618
18
5
9 613
11 616
17
5
9 616
12 617
20
5
9 617
10 618
22
5
3 618
11 630
16
4
0 630
6 638
15
4
6 630
10 641
13
4
11 617
12 618
14
4
0 638
4 648
11
3
10 630
12 637
10
3
4 641
9 642
12
3
10 637
12 641
5
2
4 642
11 653
9
2
0 648
4 653
6
2
0 653
4 656
2
2
11 641
12 652
4
2
4 653
7 656
8
2
0 656
7 668
1
2
7 653
10 655
7
2
7 655
12 656
3
2
7 656
12 659
0
1
