12
0 0
3 8
157
32
3 0
5 9
156
32
5 0
9 1
158
32
9 0
12 1
159
32
0 9
8 19
155
31
0 19
7 29
153
31
8 1
12 11
154
31
0 29
7 41
151
30
8 11
12 16
152
30
8 16
9 25
150
30
0 41
6 48
149
29
0 48
7 52
148
29
9 16
12 17
147
29
9 17
12 28
145
28
7 28
10 38
141
28
7 38
10 46
142
28
10 28
12 35
143
28
10 35
11 47
146
28
0 52
6 53
144
28
7 47
12 58
136
27
0 53
5 62
140
27
6 52
7 63
135
27
5 53
6 61
133
26
7 58
11 60
138
27
11 58
12 66
137
27
0 62
6 73
131
26
6 63
11 68
134
26
6 68
9 76
132
26
11 66
12 76
139
27
0 73
6 85
127
25
6 76
11 84
125
25
0 85
8 88
129
25
8 84
11 88
123
25
0 88
5 90
130
25
5 88
7 93
126
25
7 88
10 91
124
25
11 76
12 79
128
25
0 90
5 101
115
24
7 91
12 102
116
24
0 101
6 110
119
24
6 102
11 112
117
24
0 110
5 120
121
24
5 112
11 116
120
24
5 116
11 118
118
24
11 102
12 105
122
24
0 120
8 131
110
23
0 131
6 140
112
23
8 118
12 123
111
23
8 123
9 132
114
23
9 123
10 125
113
23
0 140
8 148
103
22
0 148
6 156
109
22
6 148
11 157
107
22
0 156
4 166
106
22
4 157
7 168
104
22
0 168
6 173
102
22
7 157
11 163
108
22
7 163
10 170
105
22
0 173
8 175
101
22
0 175
8 187
98
21
0 187
8 190
99
21
11 123
12 124
100
21
0 190
8 197
93
20
0 197
6 205
96
20
6 197
11 206
95
20
0 205
4 216
97
20
4 206
11 207
92
20
4 207
7 209
94
20
4 209
11 216
88
19
0 216
6 223
91
19
0 223
8 227
90
19
0 227
5 233
89
19
5 227
11 238
86
18
0 233
5 243
87
18
11 124
12 135
85
18
0 243
8 253
79
17
0 253
8 262
78
17
0 262
8 269
84
17
0 269
5 278
83
17
5 269
10 275
81
17
5 275
11 278
77
17
0 278
6 280
82
17
6 278
8 282
80
17
0 280
6 292
68
16
0 292
8 295
69
16
8 278
12 283
72
16
8 283
11 289
74
16
11 283
12 284
70
16
0 295
8 296
75
16
0 296
5 297
76
16
5 296
10 297
73
16
10 289
12 298
71
16
0 297
8 308
67
15
0 308
6 313
66
15
6 308
11 309
65
15
6 309
9 310
64
15
9 309
11 314
63
14
6 310
8 313
62
14
0 313
7 321
57
13
7 314
12 325
60
13
0 321
4 331
58
13
4 321
6 326
59
13
6 321
7 329
61
13
4 329
10 337
53
12
0 331
4 339
54
12
4 337
7 339
56
12
0 339
6 340
55
12
0 340
7 350
52
11
0 350
7 357
48
11
7 337
11 348
50
11
7 348
11 356
45
11
7 356
11 361
46
11
0 357
2 361
49
11
2 357
4 361
51
11
0 361
4 363
47
11
4 357
6 358
44
11
4 361
9 366
43
10
9 361
11 367
41
10
11 325
12 327
42
10
0 363
3 375
38
9
3 366
9 367
39
9
11 327
12 333
40
9
3 367
10 378
35
8
0 378
7 384
36
8
0 384
6 391
34
8
7 378
11 386
33
8
0 391
7 395
37
8
0 395
7 407
29
7
7 386
10 396
27
7
7 396
10 406
31
7
0 407
7 411
28
7
7 406
11 409
30
7
0 411
8 412
32
7
8 409
11 420
26
6
0 412
2 423
25
6
11 333
12 342
24
6
2 420
10 431
22
5
0 431
7 443
21
5
0 443
7 450
23
5
7 431
11 443
20
5
7 443
10 454
17
5
0 450
7 454
18
5
11 342
12 343
19
5
0 454
7 466
15
4
0 466
6 467
16
4
7 454
11 465
14
3
7 465
10 472
13
3
0 472
8 475
10
2
0 475
5 476
12
2
11 343
12 346
11
2
5 475
11 487
8
1
0 487
8 495
3
1
0 495
7 504
7
1
0 504
6 512
1
1
8 487
12 498
0
1
7 498
11 509
5
1
6 509
10 516
9
1
0 512
3 519
6
1
3 516
10 518
2
1
11 498
12 502
4
1
