12
0 0
6 5
78
16
0 5
8 8
77
16
8 0
12 11
76
16
0 8
3 15
72
15
3 8
5 17
79
16
5 11
12 23
73
15
0 23
7 33
74
15
7 23
10 31
75
15
0 33
8 45
67
14
0 45
8 53
70
14
8 31
12 39
68
14
8 39
10 45
71
14
0 53
8 61
61
13
0 61
7 68
62
13
10 39
11 47
69
14
7 61
12 72
60
13
0 68
7 79
65
13
7 72
9 77
63
13
7 77
11 79
66
13
11 72
12 75
64
13
0 79
4 89
59
12
4 79
9 87
57
12
9 79
11 90
58
12
0 89
8 93
56
11
8 90
10 93
55
11
0 93
7 105
51
10
0 105
6 116
46
10
7 93
10 104
54
10
7 104
10 106
52
10
6 106
10 114
48
10
0 116
8 119
49
10
10 90
12 97
53
10
8 114
11 125
47
10
11 97
12 98
50
10
0 119
8 128
40
9
0 128
7 136
44
9
7 128
12 139
43
9
0 136
4 146
45
9
4 139
12 141
41
9
4 141
11 143
42
9
4 143
9 153
36
8
9 143
12 153
35
8
0 146
3 154
33
8
3 153
6 160
38
8
6 153
12 155
39
8
6 155
10 158
34
8
6 158
12 170
28
7
0 154
1 163
32
8
1 160
4 161
31
8
1 161
4 164
37
8
0 164
6 167
29
7
0 167
1 178
30
7
1 167
4 177
27
6
4 170
12 181
24
5
0 181
6 189
23
5
6 181
12 188
25
5
6 188
11 189
26
5
0 189
4 194
18
4
4 189
10 201
21
4
0 194
4 205
19
4
4 201
8 206
20
4
0 206
7 218
17
4
11 188
12 197
16
4
8 201
11 202
22
4
8 202
12 212
15
3
7 212
10 222
12
3
0 218
4 223
14
3
4 218
7 222
10
3
4 222
11 223
11
3
0 223
2 224
13
3
2 223
10 230
6
2
0 230
5 241
9
2
5 230
8 242
8
2
0 242
7 246
5
2
11 212
12 216
7
2
0 246
6 254
0
1
8 230
12 241
4
1
0 254
7 258
1
1
7 242
12 248
2
1
7 248
9 257
3
1
