62
0 0
3 3
199
120
3 0
5 2
198
119
5 0
7 2
197
118
7 0
12 2
196
117
12 0
14 2
195
116
14 0
16 2
194
115
16 0
50 2
193
114
50 0
55 28
192
113
3 2
28 5
189
112
28 2
42 5
191
112
55 0
57 2
190
112
57 0
59 2
188
111
59 0
62 3
187
110
42 2
44 4
186
110
44 2
46 4
185
110
46 2
48 4
184
109
48 2
50 4
183
109
42 4
50 7
182
108
55 2
57 4
181
108
0 5
13 38
180
107
13 5
30 11
179
107
30 7
50 9
178
107
57 2
59 10
177
107
59 3
61 6
175
106
59 6
62 8
174
106
55 4
57 6
176
106
55 6
57 8
173
106
55 8
57 15
171
105
59 8
61 11
172
105
30 9
32 12
169
105
32 9
34 11
170
105
13 12
33 14
168
104
34 9
37 11
166
104
37 9
39 11
167
104
39 9
43 12
165
103
13 14
38 17
164
102
43 9
45 20
161
101
45 9
47 14
162
101
47 9
50 12
163
101
57 10
59 13
159
100
59 11
61 13
160
100
38 12
41 15
158
99
47 12
50 15
156
99
41 12
43 14
157
99
57 13
60 15
155
98
60 13
62 15
154
97
41 14
43 16
153
96
13 17
24 20
152
95
38 15
41 17
150
94
45 14
47 16
151
94
47 15
50 17
148
93
55 15
57 17
149
93
57 15
59 17
147
93
13 20
38 22
146
92
59 15
61 18
145
92
41 16
43 19
144
91
45 16
47 18
143
90
38 17
40 20
142
89
47 17
50 23
141
88
13 22
42 25
137
87
55 18
60 21
139
87
42 20
45 22
138
87
45 18
47 21
140
87
55 21
59 25
136
86
13 28
55 31
135
85
13 31
22 35
134
85
59 21
62 24
133
85
59 24
61 26
132
85
55 26
62 31
131
84
22 31
38 35
129
83
38 31
51 33
127
83
51 31
53 34
130
83
53 31
55 33
126
83
55 31
57 33
128
83
38 34
54 65
125
82
57 31
60 34
124
81
0 38
29 40
123
80
54 33
57 35
122
79
60 31
62 38
121
78
57 34
59 36
120
77
29 35
31 37
119
76
31 35
35 37
118
75
35 35
37 37
117
74
54 36
59 39
116
73
29 37
31 39
115
72
31 37
35 39
114
71
35 37
37 40
113
71
0 65
54 98
112
70
0 98
13 101
111
69
59 38
61 41
110
69
54 39
57 60
108
68
57 41
62 43
109
68
57 43
60 48
107
67
13 98
45 100
106
66
57 48
61 54
105
66
45 98
57 101
99
65
57 54
59 56
103
66
0 101
51 104
101
65
59 54
61 57
104
66
57 56
59 59
100
65
59 57
61 59
102
65
51 101
57 151
97
64
57 59
59 65
98
64
0 104
6 106
95
63
59 59
62 62
96
63
57 65
62 74
94
62
6 104
13 106
92
61
57 74
60 76
93
61
60 74
62 79
91
60
57 76
59 78
90
60
57 78
59 80
89
59
59 79
61 81
88
58
13 104
29 107
87
57
57 81
62 83
86
56
29 104
35 107
85
55
57 83
59 85
84
55
59 83
61 85
83
54
57 85
59 88
82
53
59 85
61 87
81
52
59 87
61 89
80
51
57 88
59 92
79
50
0 107
19 115
78
49
35 104
41 110
77
48
57 92
61 94
76
47
19 110
37 113
74
46
57 94
59 97
75
46
59 94
62 96
73
46
41 104
49 109
71
45
59 96
61 104
72
45
19 113
50 141
70
44
0 115
17 123
69
44
57 97
59 100
68
43
0 141
27 143
66
42
27 141
50 143
65
42
57 100
59 103
67
42
57 103
59 106
64
42
59 104
61 106
63
42
57 106
59 108
62
41
57 108
62 111
61
40
0 143
32 145
60
39
57 111
59 113
59
38
59 111
61 113
58
37
57 113
59 115
57
36
32 143
46 146
56
35
0 151
59 169
55
34
59 113
62 115
54
33
59 115
62 117
53
32
59 117
62 128
52
31
59 128
61 130
51
30
59 130
61 132
50
29
59 132
61 134
49
28
0 169
5 181
48
27
5 169
10 175
47
26
59 134
62 142
45
25
10 169
14 171
46
25
59 142
62 204
44
24
14 169
19 171
42
23
19 169
22 172
43
23
22 169
24 172
40
22
24 169
26 171
41
22
26 169
29 171
39
21
29 169
51 175
38
20
51 169
53 171
37
19
53 169
55 171
36
19
0 204
60 229
35
18
0 229
48 232
34
17
48 229
51 232
33
16
51 229
59 232
31
15
59 229
62 232
28
14
0 232
2 234
30
15
2 232
4 234
32
15
4 232
6 234
29
14
6 232
11 245
24
13
11 232
14 244
27
13
14 232
16 235
25
13
16 232
18 235
22
13
18 232
21 234
23
13
21 232
24 234
26
13
24 232
43 234
21
12
43 232
45 235
18
12
45 232
48 234
17
12
48 232
50 234
20
12
50 232
52 234
19
12
52 232
54 234
16
11
54 232
56 234
15
10
18 234
26 237
14
9
56 232
58 234
13
8
58 232
60 234
12
7
0 234
3 244
11
6
60 232
62 234
10
6
3 234
6 237
9
5
26 234
32 236
8
4
32 234
34 236
7
4
34 234
43 236
4
3
45 234
52 236
6
3
52 234
54 236
5
3
54 234
57 246
2
2
57 234
59 238
3
2
59 234
62 236
1
2
14 235
16 237
0
1
