70
0 0
3 2
299
180
3 0
6 3
298
179
6 0
8 3
297
178
8 0
38 4
295
177
38 0
44 2
296
177
44 0
63 19
291
176
0 4
11 8
294
176
63 0
66 3
293
176
66 0
68 2
292
176
38 2
41 4
290
175
11 4
26 6
289
174
41 2
44 4
288
173
68 0
70 3
287
173
63 3
66 8
286
172
26 4
42 6
285
171
0 19
48 21
282
170
63 8
70 10
281
170
63 10
66 14
284
170
66 10
68 13
283
170
68 10
70 13
280
170
48 19
60 21
279
169
60 19
69 22
278
168
0 21
3 24
277
168
3 21
6 37
275
167
6 21
8 24
274
167
8 21
11 23
276
167
11 21
19 23
271
166
19 21
23 23
272
166
23 21
25 23
273
166
25 21
50 23
268
165
8 23
29 25
269
165
50 21
53 23
270
165
29 23
53 30
267
164
53 21
55 24
266
163
55 21
57 24
265
163
57 22
61 33
264
162
6 25
21 42
263
161
61 22
63 27
262
160
21 30
35 47
261
159
63 22
66 24
260
158
35 30
50 36
259
157
66 22
70 25
258
156
0 24
3 26
257
155
63 25
70 27
256
154
53 24
56 27
255
154
0 26
2 29
254
153
35 36
62 40
253
152
62 27
65 44
251
152
65 27
68 32
252
152
0 29
3 32
250
152
65 32
70 34
248
151
0 32
2 35
249
151
65 34
68 38
247
150
0 47
70 51
246
149
0 51
2 54
245
148
2 51
4 54
244
147
4 51
6 54
243
146
6 51
9 53
240
146
9 51
11 53
242
146
11 51
13 53
241
146
13 51
16 55
239
145
16 51
19 54
236
145
19 51
23 53
238
145
23 51
26 53
237
145
26 51
28 54
235
145
28 51
30 53
234
144
30 51
33 54
233
143
33 51
35 54
232
143
35 51
37 56
230
142
37 51
47 53
231
142
47 51
62 57
227
141
62 51
66 62
229
141
66 51
68 54
228
141
0 55
21 64
225
140
21 53
24 56
226
140
37 53
46 55
224
139
24 54
31 57
223
138
31 54
34 56
221
138
68 51
70 53
222
138
68 53
70 55
220
138
66 54
68 56
219
137
21 57
53 63
217
136
68 55
70 57
218
136
66 56
68 66
216
135
53 57
55 59
215
134
21 63
52 80
214
133
55 57
57 61
211
132
57 57
59 60
213
132
59 57
61 59
212
132
53 61
62 72
210
131
62 62
65 64
208
130
0 64
3 66
209
130
68 57
70 62
207
129
3 64
6 67
206
128
68 62
70 65
205
128
6 64
9 66
204
127
9 64
12 67
203
126
12 64
14 67
202
125
14 64
17 68
201
124
17 64
19 66
200
124
62 64
65 67
199
123
19 64
21 66
198
122
0 66
3 69
196
121
68 65
70 68
197
121
6 66
8 69
195
120
0 80
70 85
194
119
0 85
7 88
193
118
7 85
10 91
191
117
10 85
15 87
192
117
15 85
18 87
190
117
18 85
26 88
189
116
26 85
43 88
188
115
43 85
66 91
184
114
10 87
15 92
187
114
66 85
68 92
186
114
68 85
70 88
183
114
15 87
17 89
185
114
0 88
5 99
182
113
17 88
20 90
181
113
20 88
23 91
180
112
23 88
26 91
178
112
26 88
29 91
179
112
5 88
7 90
177
111
29 88
31 96
176
110
31 88
34 91
175
109
34 88
39 91
172
108
15 91
21 93
174
108
39 88
41 91
173
108
5 91
8 93
170
107
41 88
43 90
171
107
21 91
26 95
164
104
31 91
40 96
168
105
26 91
29 93
167
105
68 88
70 111
163
104
41 90
43 104
165
104
43 91
46 94
169
106
46 91
49 93
166
104
8 91
10 94
162
103
49 91
51 93
161
102
51 91
54 111
159
101
5 95
23 97
160
101
54 91
57 94
156
100
57 91
59 93
158
100
59 91
61 93
157
100
61 91
64 96
155
99
64 92
68 95
153
98
26 93
28 95
154
98
46 93
49 95
152
97
57 93
61 99
151
96
49 93
51 96
150
96
43 94
45 96
149
96
5 97
32 99
148
95
32 96
39 99
147
95
54 94
57 99
146
95
45 95
48 97
145
95
64 95
67 97
144
94
39 96
41 99
143
93
43 96
45 109
140
92
0 99
8 101
142
92
48 96
50 99
141
92
61 96
64 106
139
91
8 99
18 103
138
90
18 99
23 115
137
89
23 99
36 116
136
88
0 103
10 106
135
88
45 97
48 100
133
88
64 97
67 99
132
88
36 99
38 102
134
88
38 99
41 101
131
87
48 99
50 102
130
87
54 99
57 101
129
86
57 99
59 102
128
85
59 99
61 105
127
84
45 102
51 111
126
83
36 102
41 105
124
83
64 99
66 101
125
83
36 111
62 117
123
82
64 101
67 105
121
82
10 103
12 106
120
82
12 103
14 105
122
82
14 103
18 119
118
81
12 105
14 108
119
81
64 105
66 108
117
81
0 106
10 110
116
80
10 108
13 113
115
80
62 108
65 110
114
80
66 105
68 108
113
79
65 108
67 111
112
78
0 110
8 114
111
77
8 110
10 113
110
76
0 114
10 116
109
75
62 110
65 113
108
74
0 116
10 137
107
73
65 111
67 113
106
72
67 111
70 113
105
71
10 113
13 116
104
70
62 113
64 115
103
69
64 113
66 115
102
68
18 116
30 130
101
67
66 113
69 116
100
66
30 116
35 121
99
65
62 115
66 118
98
64
10 116
13 119
97
63
30 121
68 124
96
62
10 119
13 122
95
61
68 116
70 118
94
61
13 119
18 135
93
60
30 124
40 135
89
59
10 122
13 130
92
59
40 124
50 126
90
59
50 124
53 127
88
59
68 118
70 120
91
59
53 124
56 127
87
58
68 120
70 132
84
57
56 124
59 127
85
57
59 124
62 126
86
57
62 124
65 133
83
56
65 124
67 128
82
56
40 126
42 129
81
56
42 126
45 128
80
56
45 126
47 133
79
55
47 126
49 129
78
55
49 127
53 129
77
54
0 137
63 140
75
53
65 128
68 131
76
53
65 131
67 133
74
52
63 133
69 135
73
51
63 135
66 137
72
51
66 135
69 138
71
50
63 137
65 140
70
50
0 140
14 157
69
49
65 138
67 149
68
48
0 157
70 164
67
47
0 164
2 167
66
46
2 164
5 194
61
44
5 164
7 166
64
45
7 164
10 166
65
46
10 164
25 166
63
44
25 164
27 166
62
44
27 164
30 167
60
43
30 164
32 166
59
43
32 164
36 166
58
42
36 164
42 181
56
41
42 164
44 167
57
41
44 164
46 167
55
41
46 164
58 168
54
40
58 164
60 167
53
40
60 164
62 167
52
39
62 164
64 169
51
38
5 166
13 182
50
37
64 164
67 168
49
36
67 164
69 166
48
35
13 166
16 168
47
34
16 166
21 170
46
33
21 166
25 168
45
32
25 166
27 168
44
31
30 166
32 171
43
30
13 181
43 186
42
29
67 166
69 169
41
28
5 186
37 196
40
27
0 167
2 169
39
26
43 169
66 171
38
25
43 171
62 194
37
24
37 194
57 197
36
23
62 171
67 188
35
22
0 169
2 171
34
21
0 196
21 199
32
20
62 188
66 196
33
20
67 169
69 174
30
20
67 174
69 177
31
20
67 177
69 180
29
20
21 196
32 200
28
19
32 197
51 202
27
18
67 180
69 182
26
18
67 182
70 194
25
17
57 194
59 196
24
16
59 194
62 197
23
15
66 194
70 200
22
14
57 196
59 198
21
13
51 198
59 201
20
12
62 196
65 198
19
11
59 198
65 214
18
10
0 200
24 202
16
9
24 200
27 203
15
9
27 200
29 204
17
9
0 202
18 204
13
8
29 200
31 204
14
8
65 200
67 202
12
7
51 201
56 205
10
6
67 200
69 203
11
6
31 202
38 205
9
5
56 201
58 207
8
5
18 202
20 205
6
5
20 202
23 204
5
5
38 202
40 204
7
5
40 202
44 215
3
4
44 202
47 204
4
4
47 202
50 204
2
3
0 204
8 207
1
2
23 203
27 206
0
1
