125
0 0
4 6
499
300
4 0
8 3
494
295
8 0
11 12
497
298
11 0
14 17
496
297
14 0
17 5
495
296
17 0
25 3
498
299
25 0
30 3
493
294
30 0
33 3
492
293
33 0
36 4
491
292
36 0
39 3
490
292
39 0
42 3
483
289
42 0
45 3
489
292
45 0
48 5
488
291
48 0
51 3
487
291
51 0
54 36
484
289
54 0
57 3
486
290
57 0
60 4
485
289
60 0
114 19
482
288
114 0
117 7
481
288
117 0
122 5
480
287
17 3
22 6
479
287
22 3
27 97
478
286
122 0
125 5
477
286
27 3
32 13
476
285
36 3
41 6
475
284
4 3
7 6
474
283
41 3
45 8
473
282
32 4
36 8
472
282
54 4
59 9
471
281
54 19
103 22
470
281
48 3
51 8
468
280
14 5
17 13
469
280
45 5
48 12
467
279
117 5
120 8
466
278
120 5
125 8
465
277
54 22
84 26
464
276
0 6
4 9
463
276
4 6
7 9
462
275
17 6
20 16
461
274
36 6
41 10
460
273
32 8
36 13
458
273
114 7
117 11
459
273
41 8
44 11
457
273
48 8
51 11
456
272
117 8
120 12
447
267
120 8
125 26
454
271
0 9
5 12
452
271
5 9
8 12
453
271
36 10
39 13
451
270
39 11
43 15
450
269
0 12
5 16
449
268
48 11
51 27
448
268
114 11
117 15
455
272
5 12
10 30
446
266
43 12
48 15
444
266
27 13
31 16
443
266
117 12
120 16
442
266
14 13
17 16
445
266
31 13
34 16
441
265
34 13
37 19
440
264
37 15
40 20
439
264
40 15
43 18
438
263
14 16
20 23
437
262
43 15
46 18
436
262
0 16
4 22
435
261
114 15
117 38
406
242
27 16
30 21
434
260
30 16
33 20
433
260
117 16
120 21
430
257
10 17
13 22
432
259
30 20
42 39
431
258
103 19
111 26
429
256
42 18
45 23
428
256
84 22
91 28
427
255
45 18
48 22
426
254
0 22
4 25
425
253
111 19
114 23
424
253
27 21
30 33
423
252
117 21
120 24
421
250
91 22
96 42
422
251
10 22
13 29
419
249
96 22
101 25
417
249
45 22
48 25
418
249
13 23
17 28
415
248
96 25
103 40
405
242
17 23
20 27
416
248
42 23
45 27
414
247
111 23
114 29
413
246
117 24
120 27
412
246
0 25
5 32
411
245
54 26
58 31
410
244
58 26
63 29
407
243
63 26
67 29
409
244
67 26
71 29
408
243
45 25
48 29
420
249
71 26
74 32
404
241
74 26
77 30
403
240
77 26
81 36
401
240
81 26
84 31
402
240
103 26
106 29
400
239
106 26
109 29
399
238
120 26
125 30
398
237
17 27
20 30
397
237
13 28
17 42
396
236
42 27
45 32
395
235
84 28
89 48
393
234
48 27
51 31
394
234
58 29
62 34
391
233
117 27
120 31
392
233
62 29
67 39
390
232
10 29
13 33
389
231
45 29
48 32
388
230
67 29
70 32
387
229
103 29
106 34
386
228
106 29
113 32
385
227
5 30
8 33
384
226
17 30
20 33
383
225
120 30
124 41
380
224
42 32
50 38
382
224
74 30
77 35
376
222
54 31
58 35
379
223
81 31
84 34
381
224
117 31
120 35
377
222
0 32
4 35
375
221
67 32
71 35
378
222
27 39
58 42
374
220
106 32
111 36
371
220
71 32
74 37
373
220
4 33
8 36
372
220
111 32
114 35
370
219
8 33
11 43
369
219
17 33
22 38
368
218
58 34
61 41
367
217
81 34
84 37
366
216
103 34
106 39
365
215
0 36
5 59
364
214
67 37
84 40
363
214
106 38
117 87
362
213
17 38
21 46
358
212
117 35
120 40
360
212
5 36
8 41
359
212
61 39
64 42
361
212
64 40
69 43
357
211
103 39
106 42
350
208
69 40
72 43
355
210
27 42
58 103
354
209
72 40
76 44
353
209
76 40
79 43
352
208
58 44
76 49
351
208
79 40
82 43
356
211
96 40
100 56
349
207
117 41
122 44
348
206
100 40
103 45
347
205
5 41
8 62
345
204
122 41
125 46
346
204
11 42
14 46
344
204
14 42
17 46
343
203
89 42
94 46
342
202
103 42
106 46
341
201
8 43
11 56
340
200
76 43
80 46
339
199
117 44
122 47
338
198
11 46
16 49
337
197
80 43
84 52
336
196
58 52
94 79
335
195
16 46
21 57
334
195
100 45
103 49
333
194
117 47
122 51
332
193
103 46
106 50
331
192
11 49
15 54
330
191
100 50
105 54
329
190
122 46
125 49
328
190
117 51
121 56
327
189
121 51
125 55
326
188
100 54
106 66
325
187
11 54
16 58
324
187
121 55
124 62
322
187
8 56
11 59
323
187
94 56
99 62
321
186
11 58
19 156
320
185
117 56
120 59
319
185
0 59
5 63
318
184
5 62
10 66
316
184
94 62
99 65
317
184
117 62
122 65
315
183
19 57
22 62
314
183
19 62
22 90
313
182
122 62
125 65
312
181
0 63
5 66
311
180
94 65
98 75
308
180
117 65
120 68
309
180
120 65
123 68
310
180
0 66
3 70
307
179
58 79
72 82
305
178
94 75
106 80
304
178
3 66
7 69
306
178
117 68
124 88
303
177
7 66
11 69
302
177
3 69
7 73
301
177
72 79
87 102
299
176
87 80
99 83
298
176
7 69
10 76
296
176
0 73
4 78
300
176
4 73
7 76
297
176
4 76
10 81
295
175
0 78
3 90
293
175
99 80
102 106
292
175
102 80
105 85
294
175
3 81
8 89
291
174
102 88
118 96
290
173
8 81
11 99
289
172
58 82
62 85
288
171
62 82
65 85
287
171
65 82
70 87
286
170
87 83
96 88
285
169
96 83
99 112
278
165
58 85
61 89
283
168
61 85
65 89
282
167
65 87
71 122
281
166
87 88
90 91
280
166
102 96
117 104
279
165
90 88
94 91
284
169
118 88
121 91
277
164
121 88
124 91
276
163
3 89
8 93
275
162
58 89
61 92
274
162
61 89
64 99
273
161
0 90
3 111
272
160
87 91
96 125
271
159
19 90
22 102
270
158
19 103
43 107
269
157
118 91
121 94
268
156
19 107
53 119
266
155
121 91
124 94
267
155
3 93
7 121
264
154
58 92
61 98
265
154
118 94
123 99
263
154
58 98
61 119
262
153
7 99
10 102
261
152
61 99
64 102
260
151
117 99
125 157
259
150
7 102
10 106
258
149
71 102
81 129
257
148
19 119
62 130
256
147
81 102
85 106
254
147
62 102
65 105
255
147
102 104
106 107
253
146
99 107
114 111
252
146
114 104
117 107
251
146
99 111
109 136
249
145
62 105
65 108
250
145
109 111
116 115
248
145
81 106
86 109
246
145
7 106
10 109
247
145
62 108
65 111
245
144
81 109
86 117
244
143
7 109
10 113
243
143
7 113
11 116
242
142
109 115
113 120
241
141
113 115
117 190
240
141
0 121
7 154
237
141
81 117
86 120
239
141
62 122
69 125
238
141
7 116
11 121
236
140
96 112
99 117
235
140
96 117
99 121
234
140
81 125
91 142
233
139
109 120
113 130
232
139
7 121
10 125
231
138
7 125
11 132
229
137
96 121
99 125
230
137
62 125
65 129
228
136
65 125
71 133
215
128
91 125
95 128
226
134
95 125
98 136
225
133
91 128
94 133
224
132
71 129
75 132
223
131
75 129
80 134
221
131
62 129
65 132
222
131
19 130
23 136
220
130
23 130
27 135
219
130
27 130
30 135
218
130
30 130
34 156
217
129
34 130
38 133
216
129
38 130
43 135
227
135
43 130
47 134
214
128
47 130
50 135
213
128
50 133
72 143
212
127
34 135
45 138
211
127
109 130
112 135
208
127
72 134
77 137
210
127
7 132
10 135
209
127
23 135
29 233
206
126
91 133
95 138
207
126
77 134
80 141
205
126
7 135
10 156
204
125
45 135
48 139
203
124
109 135
112 139
202
124
95 136
100 139
201
123
100 136
105 142
200
122
34 139
46 172
197
121
19 136
23 139
199
121
105 136
109 139
198
121
46 143
100 156
195
120
19 139
22 142
196
120
0 156
14 183
194
119
105 139
109 144
193
119
100 142
105 145
192
118
109 139
112 143
191
117
19 142
23 152
190
116
100 145
110 270
39
27
14 156
19 167
188
115
29 156
34 162
189
115
110 143
113 146
187
115
46 156
74 161
186
114
110 146
113 149
185
113
110 149
113 153
184
113
74 156
79 190
183
113
79 156
84 159
182
112
79 159
98 171
178
111
117 157
122 170
180
111
19 152
22 155
181
111
110 153
113 156
179
111
46 161
67 164
177
110
19 155
22 167
176
110
110 156
113 159
175
110
122 157
125 165
174
109
110 159
113 162
173
109
67 161
70 212
172
108
70 161
73 170
171
107
29 162
33 167
170
106
110 162
113 165
169
105
46 164
64 189
168
104
64 164
67 168
165
103
110 165
113 170
166
104
122 165
125 170
167
104
14 167
17 170
164
103
17 167
21 180
163
102
29 167
32 172
162
102
117 170
125 174
161
102
79 171
84 174
160
101
79 174
97 177
159
100
64 168
67 172
158
100
14 170
17 173
157
99
70 170
74 194
155
98
110 170
113 173
156
98
97 171
100 175
154
98
29 172
34 179
153
97
34 172
37 176
152
96
37 172
40 175
151
95
40 172
44 177
150
94
64 172
67 175
149
93
14 173
17 177
148
92
110 173
113 176
147
91
117 174
120 187
146
91
120 174
123 178
145
90
37 175
40 178
144
89
64 175
67 179
142
88
97 175
100 178
143
88
40 177
44 180
141
87
79 177
84 181
140
86
84 177
96 208
137
85
29 179
38 197
139
85
110 176
113 182
138
85
96 178
100 181
136
85
120 178
125 181
134
84
14 177
17 184
135
84
17 180
22 183
133
84
0 183
9 186
132
83
64 179
67 182
131
82
38 180
41 248
130
81
41 180
46 185
129
80
0 186
18 210
127
80
79 181
84 186
125
80
96 181
99 185
128
80
120 181
123 184
126
80
64 182
67 191
124
79
18 183
23 192
123
79
41 189
50 197
122
79
120 184
124 189
119
77
50 189
64 194
120
78
50 194
67 197
121
78
110 182
113 185
118
76
96 185
99 192
117
75
79 186
84 189
116
75
110 185
113 191
115
75
113 190
124 193
114
74
79 189
82 192
113
74
74 190
77 193
112
74
110 191
113 226
111
73
113 193
125 196
110
73
41 197
63 202
109
72
18 192
21 195
108
72
77 192
82 195
106
71
96 192
100 203
107
71
74 193
77 196
105
70
70 194
74 199
103
68
18 195
22 198
102
68
77 195
80 198
104
69
80 195
83 200
101
67
113 196
122 201
100
67
41 202
59 211
99
66
74 196
77 199
98
65
122 196
125 199
97
65
29 197
32 207
96
64
32 197
35 200
95
64
35 197
38 200
94
64
63 197
66 202
93
63
41 212
72 217
92
62
18 198
21 202
91
61
72 199
77 215
90
60
113 201
125 205
88
59
32 200
36 204
89
59
77 198
80 203
87
58
18 202
23 207
86
57
113 205
123 215
85
56
80 200
84 203
84
55
77 203
80 208
83
54
80 203
83 206
82
53
96 203
99 206
81
52
32 204
35 207
80
51
80 206
84 211
78
50
35 204
38 207
79
50
96 206
99 209
77
50
18 207
23 211
76
49
29 207
32 210
75
48
32 207
35 210
74
48
35 207
38 211
73
47
77 208
80 211
72
47
84 208
87 218
71
46
87 208
90 212
70
46
90 208
93 211
69
46
93 208
96 213
68
45
96 209
99 212
67
44
0 210
3 213
66
43
3 210
6 216
65
42
6 210
9 213
64
42
9 210
13 214
62
42
13 210
16 213
63
42
87 213
99 216
61
41
29 210
33 213
60
40
41 217
77 250
58
39
0 216
18 241
57
39
18 211
21 216
59
39
33 211
37 215
56
39
77 211
80 215
55
39
29 215
34 219
54
38
80 211
83 215
53
37
0 248
40 258
52
36
77 215
82 219
51
36
113 215
117 222
49
34
117 215
120 219
50
35
120 215
123 220
46
33
87 216
90 220
48
33
90 216
93 219
47
33
77 219
86 242
45
32
93 216
96 223
44
32
96 216
99 224
43
31
86 220
91 224
42
30
117 219
120 222
41
29
120 220
123 225
37
26
113 222
116 226
40
28
116 222
119 236
38
27
91 223
95 226
36
25
86 224
89 257
35
24
95 224
100 275
26
18
40 250
73 268
34
24
119 225
124 230
32
23
89 226
92 230
33
23
92 226
95 270
7
6
0 258
20 262
31
22
110 226
115 231
30
22
110 236
119 239
28
20
89 230
92 233
29
21
119 230
123 246
27
19
110 239
114 242
25
18
89 233
92 239
24
17
114 239
119 242
23
17
89 239
92 242
22
16
77 242
80 247
20
15
80 242
83 246
19
15
110 242
119 245
21
15
110 245
116 261
18
14
83 242
86 245
17
13
89 242
92 267
16
12
80 246
85 249
14
12
116 246
121 251
13
11
121 246
124 249
15
12
77 247
80 252
12
10
80 249
83 253
11
10
116 251
121 256
10
9
83 249
86 254
9
8
73 252
78 255
8
7
121 249
124 252
6
5
121 252
124 256
5
4
78 253
81 256
4
4
81 254
85 259
3
3
73 255
76 258
2
3
76 256
81 261
1
2
116 256
119 260
0
1
