72
0 0
20 7
36
21
20 0
29 34
38
23
29 0
36 24
37
22
36 0
43 4
39
24
43 0
47 7
35
21
47 0
56 33
28
16
56 0
64 21
33
19
0 7
9 11
32
18
64 0
69 4
31
18
36 4
43 11
30
17
64 4
68 8
29
17
9 7
14 11
34
20
68 4
72 8
27
16
0 11
9 18
26
15
14 7
19 19
25
14
64 8
71 15
24
14
9 11
14 15
23
13
0 34
61 72
20
12
0 72
29 76
22
12
64 15
69 22
21
12
61 22
66 34
19
11
66 22
70 26
18
11
66 26
71 78
17
10
29 72
39 79
15
10
61 34
66 42
14
10
61 42
66 49
16
10
61 49
66 53
13
10
61 53
66 125
1
1
39 72
48 87
11
8
0 79
32 83
9
7
48 72
53 77
5
5
53 72
58 76
12
9
53 76
57 80
7
6
48 80
59 87
6
5
66 78
70 82
10
7
0 83
32 114
2
2
32 79
36 87
8
6
66 82
71 86
4
4
32 87
40 97
3
3
40 87
49 92
0
1
