74
0 0
10 6
48
30
10 0
16 8
49
30
16 0
39 6
46
29
39 0
66 19
44
28
16 6
34 12
47
29
0 6
10 16
45
28
0 19
53 26
43
27
53 19
64 25
42
26
0 26
31 36
41
25
53 25
67 31
40
25
31 31
56 41
39
24
0 36
27 42
38
24
0 42
74 48
36
23
0 48
6 54
37
23
6 48
26 54
34
22
26 48
52 54
32
22
0 54
74 62
31
22
0 62
11 72
33
22
11 62
27 84
25
19
27 62
34 68
35
22
34 62
40 72
28
21
40 62
47 68
30
21
47 62
67 68
29
21
67 62
73 72
27
20
40 68
54 76
26
19
54 68
64 75
24
19
27 68
34 74
23
19
27 76
73 86
21
18
0 72
9 78
22
18
0 78
9 85
20
17
0 85
20 99
19
16
20 84
26 91
18
15
26 86
34 92
17
14
34 86
73 92
16
13
0 99
64 133
15
12
64 92
71 102
14
11
0 133
25 143
12
10
64 102
72 108
13
10
64 108
72 118
11
9
25 133
41 139
10
8
41 133
56 139
9
7
64 118
74 124
8
6
56 133
67 143
7
5
0 143
47 150
6
4
0 150
36 156
5
3
47 143
73 151
4
3
36 150
42 160
2
3
42 151
49 157
3
3
0 160
48 167
1
2
49 151
57 161
0
1
