50
0 0
35 13
59
36
35 0
39 14
57
36
39 0
44 5
58
36
44 0
47 3
56
35
44 3
48 6
55
34
39 5
42 9
54
33
0 13
24 43
52
32
24 14
40 20
53
32
42 6
47 9
51
32
47 6
50 11
50
32
0 43
35 55
49
31
40 9
44 12
48
31
44 9
47 17
47
30
40 17
47 22
45
29
35 20
39 25
46
29
39 22
45 47
42
28
45 22
49 29
44
28
45 29
50 32
43
28
35 25
38 28
41
28
35 28
39 49
40
27
45 32
50 53
39
26
39 47
44 50
38
26
35 50
42 55
37
25
42 53
47 58
36
25
0 55
5 60
34
24
47 53
50 56
35
24
5 55
9 67
33
23
9 55
14 60
32
22
14 55
18 60
31
22
18 55
23 60
30
21
23 55
26 74
29
20
26 55
40 79
24
17
40 58
47 79
26
18
9 60
17 63
27
18
47 56
50 59
25
18
0 60
5 68
28
19
0 79
50 82
23
16
0 82
4 85
22
16
0 85
50 89
21
15
0 89
26 119
19
14
26 89
29 94
20
14
29 89
41 95
17
13
41 89
45 92
18
13
45 89
50 93
16
12
0 119
50 122
15
11
0 122
5 146
14
10
5 122
10 127
13
9
10 122
15 125
12
9
15 122
18 126
11
9
18 122
22 127
10
8
22 122
31 126
8
7
31 122
34 127
9
7
34 122
38 137
7
6
38 122
41 127
6
6
41 122
45 125
5
5
45 122
50 126
4
4
10 125
13 130
3
4
13 126
18 134
2
3
41 125
44 128
1
2
22 126
25 132
0
1
