82
0 0
3 15
69
42
3 0
5 2
66
39
5 0
7 4
67
40
7 0
20 7
65
39
20 0
23 52
68
41
23 0
51 22
63
38
51 0
63 7
64
38
63 0
82 23
62
37
0 15
18 17
61
36
51 7
54 9
60
35
54 7
57 47
58
33
57 7
62 9
59
34
57 9
61 11
57
32
18 7
20 9
56
31
0 17
8 19
54
30
51 9
54 14
55
30
18 9
20 11
53
29
0 19
19 78
52
28
23 22
46 60
51
28
57 11
60 33
49
28
60 11
63 13
50
28
46 22
53 58
46
27
60 23
82 25
47
27
60 25
62 27
48
27
62 25
65 65
43
26
65 25
68 29
44
26
68 25
71 27
45
26
71 25
74 27
42
25
74 25
76 27
41
25
76 25
79 45
39
23
19 60
56 82
37
23
65 29
74 51
38
23
74 45
80 127
32
21
56 47
62 49
36
23
56 49
59 55
35
22
80 25
82 27
40
24
59 49
62 53
34
21
80 27
82 29
33
21
0 82
25 87
31
20
65 51
72 58
30
20
65 58
72 60
28
19
80 29
82 31
29
19
56 65
69 67
27
18
56 67
67 69
25
17
80 31
82 33
26
17
80 33
82 35
24
17
25 82
48 84
23
16
80 35
82 37
22
15
69 60
72 64
21
14
69 64
72 86
20
13
56 69
60 102
19
12
60 69
63 73
18
11
60 73
68 75
17
10
60 75
63 77
16
9
80 37
82 119
15
8
72 51
74 53
14
7
0 87
46 99
11
6
63 75
66 77
13
6
72 53
74 55
12
6
60 86
71 124
9
5
48 82
51 96
10
5
51 82
54 84
8
5
51 84
54 86
7
5
0 99
18 103
6
4
51 86
54 124
3
3
72 55
74 59
5
3
71 86
74 88
4
3
18 99
27 111
2
2
27 99
51 101
1
2
71 88
74 125
0
1
