50
0 0
4 4
79
48
4 0
11 6
78
47
11 0
22 19
77
46
22 0
26 5
76
45
26 0
30 5
75
44
30 0
50 5
74
43
22 5
27 25
73
42
27 5
50 39
67
41
0 4
3 9
72
42
3 6
7 9
70
42
0 19
12 23
71
42
0 23
11 31
69
41
12 19
22 25
68
41
11 25
14 29
66
40
0 39
37 54
64
39
37 39
41 44
63
39
41 39
45 43
65
39
37 44
47 50
62
38
37 50
42 66
60
37
42 50
46 55
61
37
0 54
10 57
59
36
10 54
33 58
57
35
0 58
12 64
55
34
12 58
30 62
58
35
47 39
50 51
54
34
46 51
49 54
56
34
12 62
23 70
50
33
33 54
36 68
53
33
42 55
47 63
51
33
47 54
50 58
52
33
23 62
32 86
48
32
0 70
20 73
47
32
47 58
50 69
46
32
42 63
45 66
49
32
36 66
39 73
45
31
0 73
23 108
43
30
39 66
42 71
44
30
42 66
46 69
42
30
32 68
35 78
41
29
42 69
46 76
39
28
46 69
50 74
40
28
0 108
34 119
38
27
35 73
42 108
37
26
46 74
49 83
36
25
42 83
49 87
35
24
42 87
46 91
34
23
0 119
23 123
33
22
46 87
50 91
32
21
42 91
50 97
30
20
34 108
43 111
31
20
43 97
50 100
29
19
34 111
47 154
28
18
0 154
37 157
27
17
37 154
45 174
23
16
0 157
16 162
26
16
47 100
50 115
24
16
47 115
50 120
22
16
47 120
50 123
25
16
47 123
50 127
21
15
47 127
50 132
20
14
47 132
50 136
19
13
16 157
33 163
18
12
45 154
49 157
17
11
0 163
20 167
16
10
45 157
50 168
15
9
33 157
36 161
14
9
33 161
37 182
13
8
20 163
27 213
12
7
27 163
31 192
11
7
0 167
16 172
10
7
0 172
9 183
8
6
0 213
40 226
7
6
40 174
48 184
9
6
40 184
44 212
5
5
44 184
48 188
6
5
0 226
12 236
4
4
44 188
47 193
3
4
44 193
48 196
2
3
44 196
48 231
1
2
40 212
43 234
0
1
