54
0 0
4 3
97
60
4 0
32 7
98
60
32 0
37 3
96
60
37 0
49 27
91
58
49 0
53 28
93
59
0 3
3 57
99
60
3 7
25 11
95
59
25 7
35 12
94
59
3 11
8 14
92
59
8 11
16 18
87
57
16 11
25 15
89
57
25 12
35 15
90
58
3 14
7 19
88
57
16 15
20 19
86
57
3 19
31 24
85
56
31 15
35 19
84
55
3 24
10 27
83
54
31 19
36 24
79
53
3 27
47 62
80
53
0 62
47 69
81
53
0 69
8 72
82
53
47 28
50 32
77
51
8 69
17 74
76
51
50 28
54 31
78
52
50 31
54 34
75
50
47 32
50 37
74
49
17 69
33 74
73
48
50 34
53 44
72
47
0 74
28 85
71
47
47 44
52 47
70
46
47 47
51 56
69
45
51 47
54 51
67
45
33 69
48 119
52
39
51 51
54 55
68
45
51 55
54 59
65
44
48 56
51 61
64
43
51 59
54 62
63
43
48 62
54 116
60
41
0 85
19 102
66
44
28 74
32 79
62
43
28 79
31 119
55
41
19 85
22 90
58
41
22 85
25 99
61
42
25 85
28 105
57
41
0 102
24 106
56
41
24 105
28 108
54
41
0 106
5 109
53
40
5 106
10 111
50
37
10 106
13 109
51
38
13 106
17 109
59
41
17 106
20 109
49
36
0 119
47 123
48
35
48 116
51 155
1
2
0 123
18 127
47
34
51 116
54 121
44
32
18 123
22 126
45
33
22 123
26 155
32
21
51 121
54 156
15
8
26 123
30 128
42
31
30 123
38 127
40
29
38 123
42 128
39
28
42 123
46 127
43
32
0 127
5 130
38
27
18 126
21 134
29
18
5 127
8 135
41
30
8 127
11 130
46
34
11 127
17 132
37
26
30 127
33 130
34
23
33 127
36 130
35
24
36 128
48 151
36
25
26 128
29 133
33
22
0 130
3 133
30
19
29 130
33 133
31
20
8 130
11 135
28
17
33 130
36 133
27
16
26 133
36 138
26
15
11 132
14 137
24
13
0 137
19 143
23
12
26 138
30 153
25
14
30 138
34 143
22
11
19 134
22 139
20
10
0 143
4 152
17
9
19 139
22 144
18
10
4 143
8 148
12
8
8 143
11 146
14
8
11 143
15 147
16
9
15 143
18 147
21
10
30 143
33 146
19
10
18 144
22 148
13
8
33 143
36 156
3
3
8 147
13 150
10
6
30 146
33 150
11
7
13 148
20 151
9
5
4 151
15 154
8
5
15 151
19 154
7
4
36 151
45 156
5
4
30 150
33 156
6
4
19 151
22 155
4
3
45 151
48 154
2
3
0 152
4 155
0
1
