12
60
50
1 7 4 3 3 3 6 12 19 3 8 3 21 5 7 4
2 12 21 4 4 3 6 3 4 50 14 4 5 4 8 5 5 3 3 4 3 4 13 35 15 4
3 5 5 3 5 5 24 5 3 50 5 4
4 4 30 26 3 5 5 7 8 5
5 5 4 9 5 5 5 3 3 3 3 50
6 8 5 5 5 4 5 3 3 5 3 5 5 5 6 16 3 8
7 6 3 3 24 14 30 24 3 5 3 4 12 35
8 2 3 3 12 4
9 3 4 5 21 7 3 4
10 3 5 5 5 3 25 6
11 2 4 5 3 4
12 3 5 7 5 5 3 3
50
0 0
6 25
54
10
6 0
11 5
58
12
11 0
15 12
48
8
15 0
22 5
57
12
22 0
26 3
56
11
26 0
31 5
52
10
31 0
35 3
51
9
35 0
40 4
55
11
40 0
43 3
59
12
15 5
39 35
43
7
43 0
46 5
53
10
6 5
11 9
49
9
46 0
49 3
47
8
0 35
35 47
46
7
39 5
46 26
50
9
35 35
49 59
42
7
6 9
11 12
44
7
22 3
26 6
45
7
40 3
43 6
41
7
0 47
16 53
39
6
6 12
11 17
38
6
6 17
11 22
33
6
6 22
14 25
40
6
46 3
50 8
34
6
0 25
5 28
37
6
5 25
10 28
36
6
22 6
25 11
35
6
0 59
50 62
32
5
31 4
40 8
28
5
31 8
36 13
29
5
31 3
34 8
30
5
40 6
43 9
31
5
0 62
26 92
24
4
31 13
36 21
27
4
31 21
38 26
26
4
10 25
15 28
25
4
0 92
50 95
22
3
31 26
36 50
21
3
39 26
44 31
20
3
46 8
50 13
23
3
40 9
43 14
19
3
0 53
35 66
17
2
0 95
50 99
10
2
22 11
26 32
7
2
46 13
50 28
18
2
0 28
4 42
11
2
4 28
9 36
13
2
9 28
13 33
12
2
36 26
39 32
9
2
44 28
47 33
14
2
39 31
43 34
15
2
47 28
50 32
8
2
22 32
26 35
16
2
9 33
14 54
5
1
16 47
28 53
2
1
36 32
39 51
3
1
22 35
26 42
6
1
40 34
43 42
4
1
4 36
7 40
0
1
47 32
50 35
1
1
